2.081735163608433581e+00
1.507036162448960326e+00
1.429930249791322439e+00
1.400412332197564780e+00
1.590926134041881213e+00
2.112999924512193317e+00
2.258012814867482732e+00
2.127406195230108210e+00
1.814148643278779005e+00
2.345313487649880457e+00
3.254389832797688342e+00
2.729897017031079898e+00
2.963911781491690434e+00
3.295467620846315171e+00
2.822317890869285861e+00
2.946003525611029517e+00
3.122306072499192453e+00
3.464770346680134949e+00
3.534133718681164993e+00
3.203876601312272143e+00
3.662752837260363492e+00
3.575688672954768776e+00
3.925376828852078503e+00
3.241348672410104825e+00
3.216141847925513275e+00
3.399336334808378268e+00
4.196954948384012951e+00
3.925405873752785268e+00
4.816756530966914696e+00
3.672163385068039076e+00
4.040282605057621268e+00
4.148561994645527662e+00
4.178494839391255766e+00
4.271683328460618156e+00
4.303047671880833036e+00
4.487449596776160732e+00
4.661250132937500013e+00
2.469721095636145947e+00
5.189547830688034935e+00
4.806827324219220543e+00
4.646906101292591629e+00
4.213323824530768036e+00
4.376381896726622145e+00
4.239787878285827816e+00
4.460956498120394187e+00
4.997739456129579594e+00
5.586131053305409822e+00
4.944803050076274076e+00
5.304295934575709026e+00
6.403678617991737099e+00
5.928599476757723252e+00
5.593504308796459767e+00
5.743533668419287253e+00
5.825934051536529878e+00
5.891915767248789848e+00
5.801042571687675675e+00
5.879094518251859469e+00
5.937657336485990811e+00
5.448234163607068581e+00
6.220172935744949783e+00
5.916379872131116713e+00
5.645855667565369274e+00
5.322938611515448670e+00
5.809025770092235419e+00
5.862236028065792581e+00
5.609549541764513592e+00
5.609184405870770718e+00
5.212431063121192309e+00
5.523294485405338961e+00
5.466802153659466867e+00
5.730641881806608495e+00
5.333245401971220545e+00
5.036277890007934133e+00
5.743840714511838641e+00
5.406239386552380566e+00
5.352892202618919626e+00
5.734434315975756036e+00
4.310661585120278971e+00
4.420754206362342842e+00
4.059410746765079736e+00
4.653773145658401944e+00
4.266621217206223449e+00
5.076990542163040132e+00
3.864046446513835775e+00
4.208415236322426978e+00
4.009785459385017958e+00
3.689673310882657375e+00
4.705083037275459290e+00
4.306226013865321889e+00
4.821183803678685820e+00
4.618981503962560353e+00
5.431724212228816739e+00
4.729451708912923991e+00
5.033203279811493402e+00
4.630296567397662599e+00
4.127359217177772877e+00
4.642682142885101726e+00
4.303234389099186430e+00
5.138449551918222724e+00
4.620446196809124828e+00
3.165553929552755719e+00
4.529701628664950519e+00
3.853461654866219277e+00
3.633210024037492047e+00
3.192810494168307756e+00
3.938135838776446462e+00
2.640505111402458027e+00
3.157935867041938849e+00
3.479089482695929547e+00
3.125646236072698869e+00
2.930829639662180242e+00
4.410318788489409059e+00
3.624674972520613991e+00
3.779073515054243160e+00
3.956600097040574582e+00
4.696792792778348158e+00
4.287355126991965193e+00
3.896331928211482776e+00
4.137441946971742723e+00
4.495241928690774103e+00
3.969222181004816719e+00
3.472811634885886178e+00
4.868485499007535466e+00
4.685398893184311575e+00
4.080480747544079634e+00
3.961309520216005353e+00
3.813500020856341877e+00
3.736406556013260882e+00
4.046996126376933844e+00
3.923966076535334579e+00
3.995258859793127115e+00
3.848150587320464666e+00
4.141898264584220613e+00
3.811981387479956851e+00
4.178079912239285321e+00
3.428559654124363476e+00
2.777360533949169152e+00
2.872586315334935136e+00
2.439132665990273452e+00
2.778041014478427329e+00
2.791057279236897060e+00
2.850383563431035938e+00
3.036839377728695055e+00
2.383640308680767816e+00
3.152197424529656899e+00
2.446373144792790555e+00
2.966957346787424399e+00
2.901021273062021066e+00
2.713175452805138832e+00
2.930265338735527081e+00
1.475937372406033177e+00
2.564826548147935981e+00
3.207967783031007158e+00
2.576598031450272330e+00
2.181234694659917039e+00
2.360109789890429965e+00
1.666110933985720521e+00
1.909386872479101882e+00
2.302356079602496663e+00
1.865744834631088978e+00
1.290415144200363073e+00
1.953825570459200023e+00
1.512865888934733505e+00
1.584511360271934066e+00
1.664206418357849770e+00
1.104527780100950096e+00
1.893656984146563360e+00
1.454859073084069365e+00
2.235146179520253185e+00
2.280867002399933341e+00
2.247029693153823615e+00
1.974418405013222966e+00
2.600605716465587136e+00
1.186658460569312012e+00
1.485260785511588466e+00
1.381516549695094298e+00
3.501445757645438306e-01
8.791269033159299084e-01
2.665865458932881182e-01
5.044850284967594689e-01
2.686611816533623909e-01
3.059050428175780212e-01
7.325497375978429204e-01
9.686474363612695981e-02
2.878764580627191094e-02
-1.106735192549779256e-01
-3.872764065977474246e-01
2.723664811208337255e-01
-2.516657655071696809e-01
-1.210259516976064376e-01
3.987574408939043025e-01
-4.023424114871776425e-01
-2.197039269880018963e-02
2.205586769210565734e-01
4.025789199637586080e-01
5.567492525626605016e-02
-2.575535817941343453e-01
-8.806704323214287200e-01
-1.985052987919511125e-01
1.096693955471295112e-01
-7.238445659486503203e-01
-1.115432065655785898e+00
9.598094880236551774e-02
-1.737382970885548161e-01
-4.966387560524365696e-01
-8.330077503704291786e-02
2.026836152126954005e-01
1.592116974968860177e-01
2.729266327758939070e-01
-1.903976222417114172e-01
-3.312736888912981570e-01
-4.166532489598973044e-01
3.454310033177421246e-01
5.746201650007609629e-01
1.166650673299685081e+00
8.291904205719458076e-01
2.204080583649403735e+00
2.620679892079591511e+00
4.505220926696473782e+00
6.547301917314895547e+01
6.380748913717604154e+01
6.251690802211484765e+01
6.004849809627899049e+01
4.190014046985290719e+01
4.025463481823599210e+01
3.938195588286230731e+01
3.749957661870717374e+01
3.633292179613611950e+01
3.504072661445367487e+01
3.412988267963812206e+01
3.187767054635592956e+01
3.003521557276700449e+01
2.952882602864237427e+01
1.226771957916872324e+01
1.115088505973926836e+01
1.060138873379257163e+01
1.033022554141260763e+01
9.680080336203600311e+00
9.367175472331679131e+00
8.399768668154505846e+00
8.030948221278144672e+00
4.988747984745467434e+00
1.518811795022889655e+00
3.197474275356881890e+00
3.384100209786744529e+00
2.786733738312952013e+00
2.732573297161478010e+00
2.023591421797643619e+00
1.433735131775248917e+00
1.489849879812821243e+00
1.615145431904441153e+00
1.366176692885412436e+00
1.650459881811894292e+00
-4.363452766670161687e+00
-4.296562360495026489e+00
-4.828258311620481358e+00
-5.100147626516449151e+00
-5.432574812890389460e+00
-4.711821454224107697e+00
-5.274437776717211257e+00
-5.136267035098729394e+00
-5.832606080140800842e+00
-7.595934445841834304e+00
-6.680688133943624152e+00
-6.286158800728802731e+00
-6.807290706564161908e+00
-6.805630997956058081e+00
-6.637714128810201508e+00
-6.870160468636310469e+00
-7.813318930050106026e+00
-7.712836021648405982e+00
-7.826986630437238190e+00
-8.656230991538894415e+00
-8.822886482142688891e+00
-8.978845150767744698e+00
-8.814442714599302064e+00
-9.354113565586352763e+00
-9.802185098496284610e+00
-9.663964565619576064e+00
-8.911685041943840702e+00
-9.813151623123905765e+00
-9.441372745653598741e+00
-9.101709229748733421e+00
-9.657450209333063640e+00
-8.968592300841681464e+00
-9.879635400690034430e+00
-9.500782015278041115e+00
-1.058131870744993819e+01
-9.849880974619583895e+00
-9.837433160059362081e+00
-1.039602468917799527e+01
-9.774314441695963751e+00
-1.107388287886967859e+01
-1.135838182991511047e+01
-1.145754112070185293e+01
-1.142514360867319390e+01
-1.111196074360931618e+01
-1.155427723692092812e+01
-1.250612012362617520e+01
-1.159388203358002656e+01
-1.107477912151799693e+01
-1.128451234904326306e+01
-1.204322324357509544e+01
-1.187155128370354085e+01
-1.219018629154466993e+01
-1.151513715867202947e+01
-1.197144914482084488e+01
-1.234361805381400856e+01
-1.180107590693502218e+01
-1.145157446825606584e+01
-1.174030567625194976e+01
-1.170055150581816861e+01
-1.230556923397485569e+01
-1.189844686169660903e+01
-1.264074323809505351e+01
-1.255678272888638425e+01
-1.234123637196149481e+01
-1.216321602666414847e+01
-1.215122048269956423e+01
-1.178918409475848605e+01
-1.207890697864777430e+01
-1.172199494103387529e+01
-1.195349109768195639e+01
-1.216523257262291935e+01
-1.230504227649187321e+01
-1.208003972977267360e+01
-1.155831032883847342e+01
-1.128816370798091384e+01
-1.245418784128093925e+01
-1.199658958096094707e+01
-1.212047853000741782e+01
-1.203193307576899684e+01
-1.230656505913973930e+01
-1.273387363736311428e+01
-1.358838706202203284e+01
-1.269284149130112027e+01
-1.203323594702632171e+01
-1.252155956295242234e+01
-1.230674762708661163e+01
-1.256438419431116316e+01
-1.252684988414054601e+01
-1.210971946895578100e+01
-1.186211998953834446e+01
-1.177960342681860695e+01
-1.162277756044582944e+01
-1.201031952042086459e+01
-1.242992290143152267e+01
-1.230027061424376811e+01
-1.264862270471167704e+01
-1.295300496488138720e+01
-1.273246288504637036e+01
-1.270464616877575637e+01
-1.288685727830829464e+01
-1.281777605677059029e+01
-1.301054706232174141e+01
-1.275461584569204021e+01
-1.296002553229336129e+01
-1.305682388758522272e+01
-1.292115100742174860e+01
-1.307941667101197858e+01
-1.292144145642815189e+01
-1.323935034175327630e+01
-1.271695290810426116e+01
-1.256021002716190083e+01
-1.231983857873242272e+01
-1.242813871467796005e+01
-1.212067354576884526e+01
-1.269626049103367293e+01
-1.328590931748008330e+01
-1.257747514595697425e+01
-1.256456676225803371e+01
-1.326044523816138820e+01
-1.292735831761582332e+01
-1.266805374324020406e+01
-1.313820354990846795e+01
-1.301511955953693622e+01
-1.345991316794592407e+01
-1.345203785060089530e+01
-1.253274184969899174e+01
-1.231072262920285354e+01
-1.307777355949002462e+01
-1.356105166124777028e+01
-1.349186255865053496e+01
-1.306728420108727029e+01
-1.298589209094946995e+01
-1.308032951074644679e+01
-1.334763388061266376e+01
-1.418117273773755826e+01
-1.341283553327921041e+01
-1.392407142653917518e+01
-1.388998516100170555e+01
-1.421198522804567688e+01
-1.362016633259433007e+01
-1.435261648767560771e+01
-1.471325042184290410e+01
-1.492035301122451862e+01
-1.327500503192535675e+01
-1.467762477657153042e+01
-1.412454762930315155e+01
-1.403411010725152863e+01
-1.430037300996633931e+01
-1.493165562684517411e+01
-1.470254945059268437e+01
-1.464143897964498287e+01
-1.502134628002316319e+01
-1.377885522187960454e+01
-1.399882055297330119e+01
