-2.973129882811905711e-01
-2.764999999999405711e-01
-2.556259765624405711e-01
-2.348129882811905711e-01
-2.139999999999405711e-01
-1.931259765624405711e-01
-1.723129882811905711e-01
-1.514999999999405711e-01
-1.306259765624405711e-01
-1.098129882811905711e-01
1.193740234375594289e-01
1.402480468750594289e-01
1.610610351563094289e-01
1.818740234375594289e-01
2.027480468750594289e-01
2.235610351563094289e-01
2.443740234375594289e-01
2.652480468750594289e-01
2.860610351563094289e-01
-2.860108842134473361e-01
-2.651368607759473361e-01
-2.443238724946973361e-01
-2.235108842134473361e-01
-2.026368607759473361e-01
-1.818238724946973361e-01
-1.610108842134473361e-01
-1.401368607759473361e-01
-1.193238724946973361e-01
1.098631392240526639e-01
1.306761275053026639e-01
1.514891157865526639e-01
1.723631392240526639e-01
1.931761275053026639e-01
2.139891157865526639e-01
2.348631392240526639e-01
2.556761275053026639e-01
2.764891157865526639e-01
2.973631392240526639e-01
-2.955217684269541012e-01
-2.747087801457041012e-01
-2.538957918644541012e-01
-2.330217684269541012e-01
-2.122087801457041012e-01
-1.913957918644541012e-01
-1.705217684269541012e-01
-1.497087801457041012e-01
-1.288957918644541012e-01
-1.080217684269541012e-01
1.002912198542958988e-01
1.211042081355458988e-01
1.419782315730458988e-01
1.627912198542958988e-01
1.836042081355458988e-01
2.044782315730458988e-01
2.252912198542958988e-01
2.461042081355458988e-01
2.669782315730458988e-01
2.877912198542958988e-01
-2.842806995154608662e-01
-2.634066760779608662e-01
-2.425936877967108662e-01
-2.217806995154608662e-01
-2.009066760779608662e-01
-1.800936877967108662e-01
-1.592806995154608662e-01
-1.384066760779608662e-01
-1.175936877967108662e-01
1.115933239220391338e-01
1.324063122032891338e-01
1.532193004845391338e-01
1.740933239220391338e-01
1.949063122032891338e-01
2.157193004845391338e-01
2.365933239220391338e-01
2.574063122032891338e-01
2.782193004845391338e-01
2.990933239220391338e-01
-2.937915837289676313e-01
-2.729785954477176313e-01
-2.521656071664676313e-01
-2.312915837289676313e-01
-2.104785954477176313e-01
-1.896656071664676313e-01
-1.687915837289676313e-01
-1.479785954477176313e-01
-1.271656071664676313e-01
-1.062915837289676313e-01
1.020214045522823687e-01
1.228343928335323687e-01
1.437084162710323687e-01
1.645214045522823687e-01
1.853343928335323687e-01
2.062084162710323687e-01
2.270214045522823687e-01
2.478343928335323687e-01
2.687084162710323687e-01
2.895214045522823687e-01
-2.825505148174743963e-01
-2.616764913799743963e-01
-2.408635030987243963e-01
-2.200505148174743963e-01
-1.991764913799743963e-01
-1.783635030987243963e-01
-1.575505148174743963e-01
-1.366764913799743963e-01
-1.158635030987243963e-01
1.133235086200256037e-01
1.341364969012756037e-01
1.549494851825256037e-01
1.758235086200256037e-01
1.966364969012756037e-01
2.174494851825256037e-01
2.383235086200256037e-01
2.591364969012756037e-01
2.799494851825256037e-01
-2.920613990309811614e-01
-2.712484107497311614e-01
-2.504354224684811614e-01
-2.295613990309811614e-01
-2.087484107497311614e-01
-1.879354224684811614e-01
-1.670613990309811614e-01
-1.462484107497311614e-01
-1.254354224684811614e-01
-1.045613990309811614e-01
1.037515892502688386e-01
1.245645775315188386e-01
1.454386009690188386e-01
1.662515892502688386e-01
1.870645775315188386e-01
2.079386009690188386e-01
2.287515892502688386e-01
2.495645775315188386e-01
2.704386009690188386e-01
2.912515892502688386e-01
-2.808203301194879264e-01
-2.599463066819879264e-01
-2.391333184007379264e-01
-2.183203301194879264e-01
-1.974463066819879264e-01
-1.766333184007379264e-01
-1.558203301194879264e-01
-1.349463066819879264e-01
-1.141333184007379264e-01
1.150536933180120736e-01
1.358666815992620736e-01
1.566796698805120736e-01
1.775536933180120736e-01
1.983666815992620736e-01
2.191796698805120736e-01
2.400536933180120736e-01
2.608666815992620736e-01
2.816796698805120736e-01
-2.903312143329946915e-01
-2.695182260517446915e-01
-2.487052377704946915e-01
-2.278312143329946915e-01
-2.070182260517446915e-01
-1.862052377704946915e-01
-1.653312143329946915e-01
-1.445182260517446915e-01
-1.237052377704946915e-01
-1.028312143329946915e-01
1.054817739482553085e-01
1.262947622295053085e-01
1.471687856670053085e-01
1.679817739482553085e-01
1.887947622295053085e-01
2.096687856670053085e-01
2.304817739482553085e-01
2.512947622295053085e-01
2.721687856670053085e-01
2.929817739482553085e-01
-2.999031337027514565e-01
-2.790901454215014565e-01
-2.582161219840014565e-01
-2.374031337027514565e-01
-2.165901454215014565e-01
-1.957161219840014565e-01
-1.749031337027514565e-01
-1.540901454215014565e-01
-1.332161219840014565e-01
-1.124031337027514565e-01
1.167838780159985435e-01
1.375968662972485435e-01
1.584098545784985435e-01
1.792838780159985435e-01
2.000968662972485435e-01
2.209098545784985435e-01
2.417838780159985435e-01
2.625968662972485435e-01
2.834098545784985435e-01
-2.886010296350082216e-01
-2.677880413537582216e-01
-2.469750530725082216e-01
-2.261010296350082216e-01
-2.052880413537582216e-01
-1.844750530725082216e-01
-1.636010296350082216e-01
-1.427880413537582216e-01
-1.219750530725082216e-01
-1.011010296350082216e-01
1.072119586462417784e-01
1.280249469274917784e-01
1.488989703649917784e-01
1.697119586462417784e-01
1.905249469274917784e-01
2.113989703649917784e-01
2.322119586462417784e-01
2.530249469274917784e-01
2.738989703649917784e-01
2.947119586462417784e-01
-2.982339841610149866e-01
-2.773599607235149866e-01
-2.565469724422649866e-01
-2.357339841610149866e-01
-2.148599607235149866e-01
-1.940469724422649866e-01
-1.732339841610149866e-01
-1.810146836765352818e-01
-1.602016953952852818e-01
-1.393887071140352818e-01
-1.185146836765352818e-01
1.106112928859647182e-01
1.314853163234647182e-01
1.522983046047147182e-01
1.731112928859647182e-01
1.939242811672147182e-01
2.147372694484647182e-01
2.356112928859647182e-01
2.564242811672147182e-01
2.772372694484647182e-01
2.981112928859647182e-01
-2.947736147650420468e-01
-2.739606264837920468e-01
-2.531476382025420468e-01
-2.322736147650420468e-01
-2.114606264837920468e-01
-1.906476382025420468e-01
-1.697736147650420468e-01
-1.489606264837920468e-01
-1.281476382025420468e-01
-1.072736147650420468e-01
1.010393735162079532e-01
1.218523617974579532e-01
1.427263852349579532e-01
1.635393735162079532e-01
1.843523617974579532e-01
2.052263852349579532e-01
2.260393735162079532e-01
2.468523617974579532e-01
2.677263852349579532e-01
2.885393735162079532e-01
-2.835325458535488119e-01
-2.626585224160488119e-01
-2.418455341347988119e-01
-2.210325458535488119e-01
-2.001585224160488119e-01
-1.793455341347988119e-01
-1.585325458535488119e-01
-1.376585224160488119e-01
-1.168455341347988119e-01
1.123414775839511881e-01
1.331544658652011881e-01
1.539674541464511881e-01
1.748414775839511881e-01
1.956544658652011881e-01
2.164674541464511881e-01
2.373414775839511881e-01
2.581544658652011881e-01
2.789674541464511881e-01
2.998414775839511881e-01
-2.931044652233055769e-01
-2.722914769420555769e-01
-2.514174535045555769e-01
-2.306044652233055769e-01
-2.097914769420555769e-01
-1.889174535045555769e-01
-1.681044652233055769e-01
-1.472914769420555769e-01
-1.264174535045555769e-01
-1.056044652233055769e-01
1.027085230579444231e-01
1.235825464954444231e-01
1.443955347766944231e-01
1.652085230579444231e-01
1.860825464954444231e-01
2.068955347766944231e-01
2.277085230579444231e-01
2.485825464954444231e-01
2.693955347766944231e-01
2.902085230579444231e-01
-2.818023611555623420e-01
-2.609893728743123420e-01
-2.401763845930623420e-01
-2.193023611555623420e-01
-1.984893728743123420e-01
-1.776763845930623420e-01
-1.568023611555623420e-01
-1.359893728743123420e-01
-1.151763845930623420e-01
1.139495919694376580e-01
1.348236154069376580e-01
1.556366036881876580e-01
1.764495919694376580e-01
1.973236154069376580e-01
2.181366036881876580e-01
2.389495919694376580e-01
2.598236154069376580e-01
2.806366036881876580e-01
-2.914353156815691070e-01
-2.705612922440691070e-01
-2.497483039628191070e-01
-2.289353156815691070e-01
-2.080612922440691070e-01
-1.872483039628191070e-01
-1.664353156815691070e-01
-1.455612922440691070e-01
-1.247483039628191070e-01
-1.039353156815691070e-01
1.044387077559308930e-01
1.252516960371808930e-01
1.460646843184308930e-01
1.669387077559308930e-01
1.877516960371808930e-01
2.085646843184308930e-01
2.294387077559308930e-01
2.502516960371808930e-01
2.710646843184308930e-01
2.919387077559308930e-01
-2.801942467700758721e-01
-2.593202233325758721e-01
-2.385072350513258721e-01
-2.176942467700758721e-01
-1.968202233325758721e-01
-1.760072350513258721e-01
-1.551942467700758721e-01
-1.343202233325758721e-01
-1.135072350513258721e-01
1.156797766674241279e-01
1.364927649486741279e-01
1.573057532299241279e-01
1.781797766674241279e-01
1.989927649486741279e-01
2.198057532299241279e-01
2.406797766674241279e-01
2.614927649486741279e-01
2.823057532299241279e-01
-2.897051309835826371e-01
-2.688921427023326371e-01
-2.480791544210826371e-01
-2.272051309835826371e-01
-2.063921427023326371e-01
-1.855791544210826371e-01
-1.647661661398326371e-01
-1.439531778585826371e-01
-1.230791544210826371e-01
-1.022661661398326371e-01
1.060468221414173629e-01
1.269208455789173629e-01
1.477338338601673629e-01
1.685468221414173629e-01
1.894208455789173629e-01
2.102338338601673629e-01
2.310468221414173629e-01
2.519208455789173629e-01
2.727338338601673629e-01
2.935468221414173629e-01
-2.993380855095894022e-01
-2.784640620720894022e-01
-2.576510737908394022e-01
-2.368380855095894022e-01
-2.159640620720894022e-01
-1.951510737908394022e-01
-1.743380855095894022e-01
-1.534640620720894022e-01
-1.326510737908394022e-01
-1.118380855095894022e-01
1.172878910529105978e-01
1.381619144904105978e-01
1.589749027716605978e-01
1.797878910529105978e-01
2.006619144904105978e-01
2.214749027716605978e-01
2.422878910529105978e-01
2.631619144904105978e-01
2.839749027716605978e-01
-2.880970165980961673e-01
-2.672229931605961673e-01
-2.464100048793461673e-01
-2.255970165980961673e-01
-2.047229931605961673e-01
-1.839100048793461673e-01
-1.630970165980961673e-01
-1.422229931605961673e-01
-1.214100048793461673e-01
-1.005970165980961673e-01
1.077159716831538327e-01
1.285289599644038327e-01
1.494029834019038327e-01
1.702159716831538327e-01
1.910289599644038327e-01
2.119029834019038327e-01
2.327159716831538327e-01
2.535289599644038327e-01
2.744029834019038327e-01
2.952159716831538327e-01
