1.842703857421875000e+03
1.842724670410156250e+03
1.842745544433593750e+03
1.842766357421875000e+03
1.842787170410156250e+03
1.842808044433593750e+03
1.842828857421875000e+03
1.842849670410156250e+03
1.842870544433593750e+03
1.842891357421875000e+03
1.843120544433593750e+03
1.843141418457031250e+03
1.843162231445312500e+03
1.843183044433593750e+03
1.843203918457031250e+03
1.843224731445312500e+03
1.843245544433593750e+03
1.843266418457031250e+03
1.843287231445312500e+03
1.843808044433593750e+03
1.843828918457031250e+03
1.843849731445312500e+03
1.843870544433593750e+03
1.843891418457031250e+03
1.843912231445312500e+03
1.843933044433593750e+03
1.843953918457031250e+03
1.843974731445312500e+03
1.844203918457031250e+03
1.844224731445312500e+03
1.844245544433593750e+03
1.844266418457031250e+03
1.844287231445312500e+03
1.844308044433593750e+03
1.844328918457031250e+03
1.844349731445312500e+03
1.844370544433593750e+03
1.844391418457031250e+03
1.844891418457031250e+03
1.844912231445312500e+03
1.844933044433593750e+03
1.844953918457031250e+03
1.844974731445312500e+03
1.844995544433593750e+03
1.845016418457031250e+03
1.845037231445312500e+03
1.845058044433593750e+03
1.845078918457031250e+03
1.845287231445312500e+03
1.845308044433593750e+03
1.845328918457031250e+03
1.845349731445312500e+03
1.845370544433593750e+03
1.845391418457031250e+03
1.845412231445312500e+03
1.845433044433593750e+03
1.845453918457031250e+03
1.845474731445312500e+03
1.845995544433593750e+03
1.846016418457031250e+03
1.846037231445312500e+03
1.846058044433593750e+03
1.846078918457031250e+03
1.846099731445312500e+03
1.846120544433593750e+03
1.846141418457031250e+03
1.846162231445312500e+03
1.846391418457031250e+03
1.846412231445312500e+03
1.846433044433593750e+03
1.846453918457031250e+03
1.846474731445312500e+03
1.846495544433593750e+03
1.846516418457031250e+03
1.846537231445312500e+03
1.846558044433593750e+03
1.846578918457031250e+03
1.847078918457031250e+03
1.847099731445312500e+03
1.847120544433593750e+03
1.847141418457031250e+03
1.847162231445312500e+03
1.847183044433593750e+03
1.847203918457031250e+03
1.847224731445312500e+03
1.847245544433593750e+03
1.847266418457031250e+03
1.847474731445312500e+03
1.847495544433593750e+03
1.847516418457031250e+03
1.847537231445312500e+03
1.847558044433593750e+03
1.847578918457031250e+03
1.847599731445312500e+03
1.847620544433593750e+03
1.847641418457031250e+03
1.847662231445312500e+03
1.848183044433593750e+03
1.848203918457031250e+03
1.848224731445312500e+03
1.848245544433593750e+03
1.848266418457031250e+03
1.848287231445312500e+03
1.848308044433593750e+03
1.848328918457031250e+03
1.848349731445312500e+03
1.848578918457031250e+03
1.848599731445312500e+03
1.848620544433593750e+03
1.848641418457031250e+03
1.848662231445312500e+03
1.848683044433593750e+03
1.848703918457031250e+03
1.848724731445312500e+03
1.848745544433593750e+03
1.849266418457031250e+03
1.849287231445312500e+03
1.849308044433593750e+03
1.849328918457031250e+03
1.849349731445312500e+03
1.849370544433593750e+03
1.849391418457031250e+03
1.849412231445312500e+03
1.849433044433593750e+03
1.849453918457031250e+03
1.849662231445312500e+03
1.849683044433593750e+03
1.849703918457031250e+03
1.849724731445312500e+03
1.849745544433593750e+03
1.849766418457031250e+03
1.849787231445312500e+03
1.849808044433593750e+03
1.849828918457031250e+03
1.849849731445312500e+03
1.850370544433593750e+03
1.850391418457031250e+03
1.850412231445312500e+03
1.850433044433593750e+03
1.850453918457031250e+03
1.850474731445312500e+03
1.850495544433593750e+03
1.850516418457031250e+03
1.850537231445312500e+03
1.850766418457031250e+03
1.850787231445312500e+03
1.850808044433593750e+03
1.850828918457031250e+03
1.850849731445312500e+03
1.850870544433593750e+03
1.850891418457031250e+03
1.850912231445312500e+03
1.850933044433593750e+03
1.851453918457031250e+03
1.851474731445312500e+03
1.851495544433593750e+03
1.851516418457031250e+03
1.851537231445312500e+03
1.851558044433593750e+03
1.851578918457031250e+03
1.851599731445312500e+03
1.851620544433593750e+03
1.851641418457031250e+03
1.851849731445312500e+03
1.851870544433593750e+03
1.851891418457031250e+03
1.851912231445312500e+03
1.851933044433593750e+03
1.851953918457031250e+03
1.851974731445312500e+03
1.851995544433593750e+03
1.852016418457031250e+03
1.852037231445312500e+03
1.852537231445312500e+03
1.852558044433593750e+03
1.852578918457031250e+03
1.852599731445312500e+03
1.852620544433593750e+03
1.852641418457031250e+03
1.852662231445312500e+03
1.852683044433593750e+03
1.852703918457031250e+03
1.852724731445312500e+03
1.852953918457031250e+03
1.852974731445312500e+03
1.852995544433593750e+03
1.853016418457031250e+03
1.853037231445312500e+03
1.853058044433593750e+03
1.853078918457031250e+03
1.853099731445312500e+03
1.853120544433593750e+03
1.853641418457031250e+03
1.853662231445312500e+03
1.853683044433593750e+03
1.853703918457031250e+03
1.853724731445312500e+03
1.853745544433593750e+03
1.853766418457031250e+03
1.853787231445312500e+03
1.853808044433593750e+03
1.853828918457031250e+03
1.854037231445312500e+03
1.854058044433593750e+03
1.854078918457031250e+03
1.854099731445312500e+03
1.854120544433593750e+03
1.854141418457031250e+03
1.854162231445312500e+03
1.854183044433593750e+03
1.854203918457031250e+03
1.854224731445312500e+03
1.854724670410156250e+03
1.854745544433593750e+03
1.854766357421875000e+03
1.854787170410156250e+03
1.854808044433593750e+03
1.854828857421875000e+03
1.854849670410156250e+03
1.858120544433593750e+03
1.858141357421875000e+03
1.858162170410156250e+03
1.858183044433593750e+03
1.858412170410156250e+03
1.858433044433593750e+03
1.858453857421875000e+03
1.858474670410156250e+03
1.858495483398437500e+03
1.858516296386718750e+03
1.858537170410156250e+03
1.858557983398437500e+03
1.858578796386718750e+03
1.858599670410156250e+03
1.859099670410156250e+03
1.859120483398437500e+03
1.859141296386718750e+03
1.859162170410156250e+03
1.859182983398437500e+03
1.859203796386718750e+03
1.859224670410156250e+03
1.859245483398437500e+03
1.859266296386718750e+03
1.859287170410156250e+03
1.859495483398437500e+03
1.859516296386718750e+03
1.859537170410156250e+03
1.859557983398437500e+03
1.859578796386718750e+03
1.859599670410156250e+03
1.859620483398437500e+03
1.859641296386718750e+03
1.859662170410156250e+03
1.859682983398437500e+03
1.860203796386718750e+03
1.860224670410156250e+03
1.860245483398437500e+03
1.860266296386718750e+03
1.860287170410156250e+03
1.860307983398437500e+03
1.860328796386718750e+03
1.860349670410156250e+03
1.860370483398437500e+03
1.860599670410156250e+03
1.860620483398437500e+03
1.860641296386718750e+03
1.860662170410156250e+03
1.860682983398437500e+03
1.860703796386718750e+03
1.860724670410156250e+03
1.860745483398437500e+03
1.860766296386718750e+03
1.860787170410156250e+03
1.861287109375000000e+03
1.861307922363281250e+03
1.861328796386718750e+03
1.861349609375000000e+03
1.861370422363281250e+03
1.861391296386718750e+03
1.861412109375000000e+03
1.861432922363281250e+03
1.861453796386718750e+03
1.861474609375000000e+03
1.861682922363281250e+03
1.861703796386718750e+03
1.861724609375000000e+03
1.861745422363281250e+03
1.861766296386718750e+03
1.861787109375000000e+03
1.861807922363281250e+03
1.861828796386718750e+03
1.861849609375000000e+03
1.861870422363281250e+03
1.862391296386718750e+03
1.862412109375000000e+03
1.862432922363281250e+03
1.862453796386718750e+03
1.862474609375000000e+03
1.862495422363281250e+03
1.862516296386718750e+03
1.862537109375000000e+03
1.862557922363281250e+03
1.862787048339843750e+03
1.862807922363281250e+03
1.862828735351562500e+03
1.862849548339843750e+03
1.862870422363281250e+03
1.862891235351562500e+03
1.862912048339843750e+03
1.862932922363281250e+03
1.862953735351562500e+03
1.863474548339843750e+03
1.863495422363281250e+03
1.863516235351562500e+03
1.863537048339843750e+03
1.863557922363281250e+03
1.863578735351562500e+03
1.863599548339843750e+03
1.863620422363281250e+03
1.863641235351562500e+03
1.863662048339843750e+03
1.863870422363281250e+03
1.863891235351562500e+03
1.863912048339843750e+03
1.863932922363281250e+03
1.863953735351562500e+03
1.863974548339843750e+03
1.863995422363281250e+03
1.864016235351562500e+03
1.864037048339843750e+03
1.864057922363281250e+03
1.864578674316406250e+03
1.864599548339843750e+03
1.864620361328125000e+03
1.864641174316406250e+03
1.864662048339843750e+03
1.864682861328125000e+03
1.864703674316406250e+03
1.864724548339843750e+03
1.864745361328125000e+03
1.864974548339843750e+03
1.864995361328125000e+03
1.865016174316406250e+03
1.865037048339843750e+03
1.865057861328125000e+03
1.865078674316406250e+03
1.865099548339843750e+03
1.865120361328125000e+03
1.865141174316406250e+03
1.865662048339843750e+03
1.865682861328125000e+03
1.865703674316406250e+03
1.865724548339843750e+03
1.865745361328125000e+03
1.865766174316406250e+03
1.865786987304687500e+03
1.865807800292968750e+03
1.865828674316406250e+03
1.865849487304687500e+03
1.866057800292968750e+03
1.866078674316406250e+03
1.866099487304687500e+03
1.866120300292968750e+03
1.866141174316406250e+03
1.866161987304687500e+03
1.866182800292968750e+03
1.866203674316406250e+03
1.866224487304687500e+03
1.866245300292968750e+03
1.866745300292968750e+03
1.866766174316406250e+03
1.866786987304687500e+03
1.866807800292968750e+03
1.866828674316406250e+03
1.866849487304687500e+03
1.866870300292968750e+03
1.866891174316406250e+03
1.866911987304687500e+03
1.866932800292968750e+03
1.867161926269531250e+03
1.867182800292968750e+03
1.867203613281250000e+03
1.867224426269531250e+03
1.867245300292968750e+03
1.867266113281250000e+03
1.867286926269531250e+03
1.867307800292968750e+03
1.867328613281250000e+03
1.867849426269531250e+03
1.867870300292968750e+03
1.867891113281250000e+03
1.867911926269531250e+03
1.867932800292968750e+03
1.867953613281250000e+03
1.867974426269531250e+03
1.867995300292968750e+03
1.868016113281250000e+03
1.868036926269531250e+03
1.868245239257812500e+03
1.868266052246093750e+03
1.868286926269531250e+03
1.868307739257812500e+03
1.868328552246093750e+03
1.868349426269531250e+03
1.868370239257812500e+03
1.868391052246093750e+03
1.868411926269531250e+03
1.868432739257812500e+03
