7.455359652187861563e+00 -7.136224137808087107e+03
2.234724489620800725e+00 -6.430318489900416523e+01
2.481086223075834596e+00 -3.998926983646617259e+02
-3.671006087904821857e+00 7.950406394379051562e+03
6.645025681336896861e-01 2.061787854904490814e+03
-6.179919017989330410e-01 3.804868344226234058e+03
3.411854885288883921e+00 -1.682798714657519668e+03
4.790354016385157121e-01 2.311653279010597089e+03
7.870801347382104796e-01 1.892162076650961808e+03
-7.281193729971719542e+00 1.291105736336998780e+04
-2.052320905598535639e+00 5.770662098021956808e+03
-1.988380425509385985e+00 5.686541277065736722e+03
7.364865311815040450e+00 -7.133998628109382480e+03
-9.737669463542113490e-01 4.301063004186697071e+03
1.236349826943297758e+00 1.266958270144241396e+03
-1.891065419289449601e+00 5.564795973112542924e+03
-1.692690336026721143e+00 5.296214176972035602e+03
-5.314959926247421196e-01 3.698132629308210653e+03
-5.382436659014561364e+00 1.038951760953878511e+04
4.134435231379673503e+00 -2.744590995006097728e+03
