1.355184841649842156e+03 2.091071953106569126e+00 1.303349029448026499e+02
1.356522619349799243e+03 2.233560953747503852e+00 -6.430301103018793185e+01
1.357860972171592039e+03 -4.124969685947741382e+00 8.566649179972375350e+03
1.359199423399550369e+03 6.435570786207330807e-01 2.090413578367481477e+03
1.360537136994001230e+03 -8.004656951787944008e-01 4.052938281110840308e+03
1.361875334537767912e+03 3.433828120571192688e+00 -1.712304844359070785e+03
1.363214101557241975e+03 7.183643968004758129e-01 1.985547862981781464e+03
1.364551992623775959e+03 4.797696067430971545e-01 2.311653427795636162e+03
1.365890578758373067e+03 -7.165049957130610991e+00 1.275242469645723759e+04
1.369905107903309045e+03 -1.677561391758495724e+00 5.261077714436099996e+03
1.371242885084880527e+03 7.015907166878031731e+00 -6.655148041461761750e+03
1.372581347313704327e+03 -1.274048064941402769e+00 4.713228405438018854e+03
1.373919786409512199e+03 1.032185539093250615e+00 1.547696558982526767e+03
1.375257946286815923e+03 -2.007234592067502987e+00 5.724393752534430860e+03
1.376596205485857354e+03 -1.532544478853271386e+00 5.075360100704770048e+03
1.377934418847241886e+03 -5.430150746989469424e-01 3.713786776107601327e+03
1.379273305716277036e+03 -5.649247214619087742e+00 1.075725804837315991e+04
1.380611068460885463e+03 4.028891593192081011e+00 -2.598531644386490370e+03
