1.355184823197591186e+03 3.620351030804158654e-04 3.600529146297049010e-04
1.356522624401669646e+03 3.598596651954721892e-04 3.675049074445269071e-04
1.357860977143643140e+03 3.712716818426997634e-04 3.681386217522231163e-04
1.359199427048329198e+03 3.596759365791513119e-04 3.690293287945678458e-04
1.360537104006685468e+03 3.810935634191991994e-04 3.799999522016150877e-04
1.361875338399438988e+03 3.487451040200539865e-04 3.511417885420087259e-04
1.363214112351983658e+03 3.541305413818918169e-04 3.631462870998802828e-04
1.364551992551932017e+03 3.444715964633360272e-04 3.456276556335069472e-04
1.365890576313499878e+03 3.532622172315313946e-04 3.548140616658201907e-04
1.369905103891537237e+03 3.734281237939285347e-04 3.709574564254580764e-04
1.371242884129042750e+03 3.578279929570271634e-04 3.491953157208627090e-04
1.372581341696313984e+03 3.557978357093816157e-04 3.589680429740838008e-04
1.373919776875769458e+03 3.939842220006539719e-04 3.941382933589920867e-04
1.375257947076331220e+03 3.626816201176552568e-04 3.622221654495660914e-04
1.376596208866899815e+03 3.358204185133217834e-04 3.405807115086645354e-04
1.377934420399482633e+03 3.746280560790182790e-04 3.733565715720033040e-04
1.379273297663555013e+03 3.585775705232663313e-04 3.567825826849002624e-04
1.380611073537366565e+03 3.825336821137170773e-04 3.862786763875192264e-04
