1.280032714843750000e+04
1.280640136718750000e+04
1.278766210937500000e+04
1.283116601562500000e+04
1.279840722656250000e+04
1.278200097656250000e+04
1.280411621093750000e+04
1.279637792968750000e+04
1.280088281250000000e+04
1.279956445312500000e+04
1.277880078125000000e+04
1.279230078125000000e+04
1.278703710937500000e+04
1.277841308593750000e+04
1.279321386718750000e+04
1.277922949218750000e+04
1.277584863281250000e+04
1.280490039062500000e+04
1.279824707031250000e+04
1.279322753906250000e+04
1.280556445312500000e+04
1.279864160156250000e+04
1.279786621093750000e+04
1.276560351562500000e+04
1.278660449218750000e+04
1.278891113281250000e+04
1.275749902343750000e+04
1.279932519531250000e+04
1.279034082031250000e+04
1.281051757812500000e+04
1.278473828125000000e+04
1.280004980468750000e+04
1.278219433593750000e+04
1.278784472656250000e+04
1.280121484375000000e+04
1.281359570312500000e+04
1.279004394531250000e+04
1.275132617187500000e+04
1.278816113281250000e+04
1.278582714843750000e+04
1.279827343750000000e+04
1.278042968750000000e+04
1.279726269531250000e+04
1.280436523437500000e+04
1.278384667968750000e+04
1.280640625000000000e+04
1.275869921875000000e+04
1.279737597656250000e+04
1.278754492187500000e+04
1.276932519531250000e+04
1.276034667968750000e+04
1.277565234375000000e+04
1.276691503906250000e+04
1.281905273437500000e+04
1.279481933593750000e+04
1.278913378906250000e+04
1.280586816406250000e+04
1.278189550781250000e+04
1.278574316406250000e+04
1.277345507812500000e+04
1.276913183593750000e+04
1.278803808593750000e+04
1.278596093750000000e+04
1.280089746093750000e+04
1.277974121093750000e+04
1.279841210937500000e+04
1.278379003906250000e+04
1.278752148437500000e+04
1.279552832031250000e+04
1.279793066406250000e+04
1.279616699218750000e+04
1.278340429687500000e+04
1.277019531250000000e+04
1.280107324218750000e+04
1.277194726562500000e+04
1.275507031250000000e+04
1.279061621093750000e+04
1.277758691406250000e+04
1.277371777343750000e+04
1.277579589843750000e+04
1.279101171875000000e+04
1.278294824218750000e+04
1.279724316406250000e+04
1.278037792968750000e+04
1.277693457031250000e+04
1.279560742187500000e+04
1.281504492187500000e+04
1.278438769531250000e+04
1.275587890625000000e+04
1.278792480468750000e+04
1.279257714843750000e+04
1.281493066406250000e+04
1.282449316406250000e+04
1.279635058593750000e+04
1.279120800781250000e+04
1.276153613281250000e+04
1.280288281250000000e+04
1.277289843750000000e+04
1.279898437500000000e+04
1.280172949218750000e+04
1.278813964843750000e+04
1.277927734375000000e+04
1.279620019531250000e+04
1.277712695312500000e+04
1.280445507812500000e+04
1.278644824218750000e+04
1.280191894531250000e+04
1.279785839843750000e+04
1.280820410156250000e+04
1.279330664062500000e+04
1.276030175781250000e+04
1.281619628906250000e+04
1.279233105468750000e+04
1.277788671875000000e+04
1.277012304687500000e+04
1.280512695312500000e+04
1.275598730468750000e+04
1.277732031250000000e+04
1.281841894531250000e+04
1.280875195312500000e+04
1.279095019531250000e+04
1.280042089843750000e+04
1.278937695312500000e+04
1.282404003906250000e+04
1.277615722656250000e+04
1.279075781250000000e+04
1.280962109375000000e+04
1.277585644531250000e+04
1.278963964843750000e+04
1.279085742187500000e+04
1.277920312500000000e+04
1.276970703125000000e+04
1.279735351562500000e+04
1.278625488281250000e+04
1.278405566406250000e+04
1.276861718750000000e+04
1.280301074218750000e+04
1.279125781250000000e+04
1.280625390625000000e+04
1.275954492187500000e+04
1.280300781250000000e+04
1.280759765625000000e+04
1.279204296875000000e+04
1.278161914062500000e+04
1.277446093750000000e+04
1.276476757812500000e+04
1.277963378906250000e+04
1.277555371093750000e+04
1.280425585937500000e+04
1.279635058593750000e+04
1.281161621093750000e+04
1.278079785156250000e+04
1.280362109375000000e+04
1.278063574218750000e+04
1.278408300781250000e+04
1.277338574218750000e+04
1.278755371093750000e+04
1.279891406250000000e+04
1.276593359375000000e+04
1.278667382812500000e+04
1.277425195312500000e+04
1.277872167968750000e+04
1.275979589843750000e+04
1.277192089843750000e+04
1.280399316406250000e+04
1.280030078125000000e+04
1.279144921875000000e+04
1.279560937500000000e+04
1.278614550781250000e+04
1.276453613281250000e+04
1.278325292968750000e+04
1.276826464843750000e+04
1.280647363281250000e+04
1.276782812500000000e+04
1.277625781250000000e+04
1.277389257812500000e+04
1.276914453125000000e+04
1.279316601562500000e+04
1.278833300781250000e+04
1.278143457031250000e+04
1.278171289062500000e+04
1.275999023437500000e+04
1.277996191406250000e+04
1.278278515625000000e+04
1.279174121093750000e+04
1.278449902343750000e+04
1.276005078125000000e+04
1.276968261718750000e+04
1.279587500000000000e+04
1.280755957031250000e+04
1.277601562500000000e+04
1.275973242187500000e+04
1.277071484375000000e+04
1.281583789062500000e+04
1.277247460937500000e+04
1.275872363281250000e+04
1.278049804687500000e+04
1.276510449218750000e+04
1.274806542968750000e+04
1.277700488281250000e+04
1.277133203125000000e+04
1.275536621093750000e+04
1.276629003906250000e+04
1.277200097656250000e+04
1.280026464843750000e+04
1.279965136718750000e+04
1.275150195312500000e+04
1.276341699218750000e+04
1.276061816406250000e+04
1.277930371093750000e+04
1.275596191406250000e+04
1.277512011718750000e+04
1.278976367187500000e+04
1.278969531250000000e+04
1.275921582031250000e+04
1.277507226562500000e+04
1.275175292968750000e+04
1.277592480468750000e+04
1.275572363281250000e+04
1.277228125000000000e+04
1.276710449218750000e+04
1.280127539062500000e+04
1.275489648437500000e+04
1.278080175781250000e+04
1.278621875000000000e+04
1.274564160156250000e+04
1.276342675781250000e+04
1.277136816406250000e+04
1.275054882812500000e+04
1.276930761718750000e+04
1.278021386718750000e+04
1.279029882812500000e+04
1.277551171875000000e+04
1.276403710937500000e+04
1.278577343750000000e+04
1.276860449218750000e+04
1.278774609375000000e+04
1.278781738281250000e+04
1.277030371093750000e+04
1.276768164062500000e+04
1.275126953125000000e+04
1.276122070312500000e+04
1.276684667968750000e+04
1.276490917968750000e+04
1.277560644531250000e+04
1.278197949218750000e+04
1.279239746093750000e+04
1.279170507812500000e+04
1.277352441406250000e+04
1.279192480468750000e+04
1.276395507812500000e+04
1.280410644531250000e+04
1.276036914062500000e+04
1.276764355468750000e+04
1.277817675781250000e+04
1.277761328125000000e+04
1.279942089843750000e+04
1.277331250000000000e+04
1.278800195312500000e+04
1.278888085937500000e+04
1.276669921875000000e+04
1.277022167968750000e+04
1.275733398437500000e+04
1.278458984375000000e+04
1.277300585937500000e+04
1.278766796875000000e+04
1.279388769531250000e+04
1.274528222656250000e+04
1.274072265625000000e+04
1.277343359375000000e+04
1.276576562500000000e+04
1.281379980468750000e+04
1.277587500000000000e+04
1.278278222656250000e+04
1.277874707031250000e+04
1.277132617187500000e+04
1.275677343750000000e+04
1.279082617187500000e+04
1.277602441406250000e+04
1.278020312500000000e+04
1.276994335937500000e+04
1.278131347656250000e+04
1.278377539062500000e+04
1.279374511718750000e+04
1.281568554687500000e+04
1.278482128906250000e+04
1.277443164062500000e+04
1.275880175781250000e+04
1.276459277343750000e+04
1.278748535156250000e+04
1.279153027343750000e+04
1.278728515625000000e+04
1.280284082031250000e+04
1.278180859375000000e+04
1.279229785156250000e+04
1.277102539062500000e+04
1.278353417968750000e+04
1.280161816406250000e+04
1.276477050781250000e+04
1.276408398437500000e+04
1.279072363281250000e+04
1.282186328125000000e+04
1.279149218750000000e+04
1.276212011718750000e+04
1.277434667968750000e+04
1.275839160156250000e+04
1.279078125000000000e+04
1.276758203125000000e+04
1.278420703125000000e+04
1.280352832031250000e+04
1.278030566406250000e+04
1.277177734375000000e+04
1.278465917968750000e+04
1.277262597656250000e+04
1.277957324218750000e+04
1.276786914062500000e+04
1.280033398437500000e+04
1.277502734375000000e+04
1.278063671875000000e+04
1.280135742187500000e+04
1.278682421875000000e+04
1.279027929687500000e+04
1.275939648437500000e+04
1.278897656250000000e+04
1.277779785156250000e+04
1.279395800781250000e+04
1.278260449218750000e+04
1.280908691406250000e+04
1.278996875000000000e+04
1.278044921875000000e+04
1.278910937500000000e+04
1.277019531250000000e+04
1.277119531250000000e+04
1.280684863281250000e+04
1.279178515625000000e+04
1.281170312500000000e+04
1.277405664062500000e+04
1.279475195312500000e+04
1.278186035156250000e+04
1.277840136718750000e+04
1.277809960937500000e+04
1.277024023437500000e+04
1.277390820312500000e+04
1.279912500000000000e+04
1.279550683593750000e+04
1.276905371093750000e+04
1.277705664062500000e+04
1.279883496093750000e+04
1.278347265625000000e+04
1.277079882812500000e+04
1.277358300781250000e+04
1.278311328125000000e+04
1.276259960937500000e+04
1.279337792968750000e+04
1.279781640625000000e+04
1.278657421875000000e+04
1.280029101562500000e+04
1.281320605468750000e+04
1.277830371093750000e+04
1.279020703125000000e+04
1.280417675781250000e+04
1.279022167968750000e+04
1.280143847656250000e+04
1.277880468750000000e+04
1.276762011718750000e+04
1.278908593750000000e+04
1.276367675781250000e+04
1.280017382812500000e+04
1.277332714843750000e+04
1.277191308593750000e+04
1.278321093750000000e+04
1.277952343750000000e+04
1.278281250000000000e+04
1.280059863281250000e+04
1.276569726562500000e+04
1.278801074218750000e+04
1.280279589843750000e+04
1.278983203125000000e+04
1.278907324218750000e+04
1.280431933593750000e+04
1.278281347656250000e+04
1.276248828125000000e+04
1.280033691406250000e+04
1.277921289062500000e+04
1.277256152343750000e+04
1.277595898437500000e+04
1.279409960937500000e+04
1.276179003906250000e+04
1.277430468750000000e+04
1.279268554687500000e+04
1.277750683593750000e+04
1.279221289062500000e+04
1.277553613281250000e+04
1.280653125000000000e+04
1.279291601562500000e+04
1.278682617187500000e+04
1.276318164062500000e+04
1.278837109375000000e+04
1.275750976562500000e+04
1.277922558593750000e+04
1.273052441406250000e+04
1.279174023437500000e+04
1.277486230468750000e+04
1.278482324218750000e+04
1.279380273437500000e+04
1.278903222656250000e+04
1.275890917968750000e+04
1.275378417968750000e+04
1.280078808593750000e+04
1.282159082031250000e+04
1.278048730468750000e+04
1.278365039062500000e+04
1.277937207031250000e+04
1.281444921875000000e+04
1.277729785156250000e+04
1.277860644531250000e+04
1.277024804687500000e+04
1.278884277343750000e+04
1.278591015625000000e+04
1.279186621093750000e+04
1.276652050781250000e+04
1.277025292968750000e+04
1.279061718750000000e+04
1.278146289062500000e+04
1.279242675781250000e+04
1.280808105468750000e+04
1.277604687500000000e+04
1.277611035156250000e+04
1.277691503906250000e+04
1.280455371093750000e+04
1.280973535156250000e+04
1.279036718750000000e+04
1.279529492187500000e+04
1.279649511718750000e+04
1.276378515625000000e+04
1.278748925781250000e+04
1.279024316406250000e+04
1.278519140625000000e+04
1.277359570312500000e+04
1.278172753906250000e+04
1.276864257812500000e+04
1.279263183593750000e+04
1.280271191406250000e+04
1.279647753906250000e+04
1.280507910156250000e+04
1.278891113281250000e+04
1.277115039062500000e+04
1.279611914062500000e+04
1.279161523437500000e+04
1.279049902343750000e+04
1.278434472656250000e+04
1.277247070312500000e+04
1.279118945312500000e+04
1.277279687500000000e+04
1.280694921875000000e+04
1.277577343750000000e+04
1.277165234375000000e+04
1.278375390625000000e+04
1.277844335937500000e+04
1.280240722656250000e+04
1.275914648437500000e+04
1.278940039062500000e+04
1.279560742187500000e+04
1.278926367187500000e+04
1.278407910156250000e+04
1.278677539062500000e+04
1.279094824218750000e+04
1.278787792968750000e+04
1.277592871093750000e+04
1.278344824218750000e+04
1.279515234375000000e+04
1.278773242187500000e+04
1.277412695312500000e+04
1.277713183593750000e+04
1.279104492187500000e+04
1.277797949218750000e+04
1.276716796875000000e+04
1.279248828125000000e+04
1.275729589843750000e+04
1.277465917968750000e+04
1.278591406250000000e+04
1.278979492187500000e+04
1.278765039062500000e+04
1.278043359375000000e+04
1.279436425781250000e+04
1.280087695312500000e+04
1.278186328125000000e+04
1.279317773437500000e+04
1.277457226562500000e+04
1.280611328125000000e+04
1.279480468750000000e+04
1.279451562500000000e+04
1.279784179687500000e+04
1.276814941406250000e+04
1.277010839843750000e+04
1.279860156250000000e+04
1.281559082031250000e+04
1.278052148437500000e+04
1.282128027343750000e+04
1.277537792968750000e+04
1.280114648437500000e+04
1.279815234375000000e+04
1.281582226562500000e+04
1.280320410156250000e+04
1.278845996093750000e+04
1.281052929687500000e+04
1.279926367187500000e+04
1.280343847656250000e+04
1.281044140625000000e+04
1.279271386718750000e+04
1.280010253906250000e+04
1.280462304687500000e+04
1.280496679687500000e+04
1.277228125000000000e+04
1.278420410156250000e+04
1.279459960937500000e+04
1.281629882812500000e+04
1.276177636718750000e+04
1.280632226562500000e+04
1.279701953125000000e+04
1.281467382812500000e+04
1.278855761718750000e+04
1.278777734375000000e+04
1.278426171875000000e+04
1.281020996093750000e+04
1.279308984375000000e+04
1.277644140625000000e+04
1.277204687500000000e+04
1.277333593750000000e+04
1.277620117187500000e+04
1.282237207031250000e+04
1.278914160156250000e+04
1.280184667968750000e+04
1.277295312500000000e+04
1.280951855468750000e+04
1.278378808593750000e+04
1.279378808593750000e+04
1.278368847656250000e+04
1.279514062500000000e+04
1.280934375000000000e+04
1.280606445312500000e+04
1.281046972656250000e+04
1.280292773437500000e+04
1.276560644531250000e+04
1.278875097656250000e+04
1.279292285156250000e+04
1.276087207031250000e+04
1.278140136718750000e+04
1.280797851562500000e+04
1.278202636718750000e+04
1.280077343750000000e+04
1.279817285156250000e+04
1.277013476562500000e+04
1.280691113281250000e+04
1.278224414062500000e+04
1.276958886718750000e+04
1.279360449218750000e+04
1.279417480468750000e+04
1.278750097656250000e+04
1.280732617187500000e+04
1.279242968750000000e+04
1.278463964843750000e+04
1.279301464843750000e+04
1.276568164062500000e+04
1.280544140625000000e+04
1.281856347656250000e+04
1.277902441406250000e+04
1.279412207031250000e+04
1.278262792968750000e+04
1.277009277343750000e+04
1.277161425781250000e+04
1.280254199218750000e+04
1.281092187500000000e+04
1.279677929687500000e+04
1.275853320312500000e+04
1.279627832031250000e+04
1.282454101562500000e+04
1.280008789062500000e+04
1.278950195312500000e+04
1.278600292968750000e+04
1.280630957031250000e+04
1.278541796875000000e+04
1.280964453125000000e+04
1.277884863281250000e+04
1.279825292968750000e+04
1.278531250000000000e+04
1.278370410156250000e+04
1.278863378906250000e+04
1.278888085937500000e+04
1.277703027343750000e+04
1.278016406250000000e+04
1.278915722656250000e+04
1.279005371093750000e+04
1.277113964843750000e+04
1.279971191406250000e+04
1.278421093750000000e+04
1.280016015625000000e+04
1.279084765625000000e+04
1.279733496093750000e+04
1.281651757812500000e+04
1.276907519531250000e+04
1.279896484375000000e+04
1.280778320312500000e+04
1.279190820312500000e+04
1.278354394531250000e+04
1.278299023437500000e+04
1.278769628906250000e+04
1.280936816406250000e+04
1.278959863281250000e+04
1.278838769531250000e+04
1.280538671875000000e+04
1.280713281250000000e+04
1.276520312500000000e+04
1.278464355468750000e+04
1.279458398437500000e+04
1.280804003906250000e+04
1.280545117187500000e+04
1.276963378906250000e+04
1.284408398437500000e+04
1.277910253906250000e+04
1.281104003906250000e+04
1.278766210937500000e+04
1.280453125000000000e+04
1.278699218750000000e+04
1.280011816406250000e+04
1.280951269531250000e+04
1.279869433593750000e+04
1.281597363281250000e+04
1.279602832031250000e+04
1.279273046875000000e+04
1.276261132812500000e+04
1.280887304687500000e+04
1.279268847656250000e+04
1.281869433593750000e+04
1.281504492187500000e+04
1.280382910156250000e+04
1.278379199218750000e+04
1.280043554687500000e+04
1.277864355468750000e+04
1.280584667968750000e+04
1.279103320312500000e+04
1.278416308593750000e+04
1.276084960937500000e+04
1.276792285156250000e+04
1.281125195312500000e+04
1.279841601562500000e+04
1.281645800781250000e+04
1.281438574218750000e+04
1.276318652343750000e+04
1.276651562500000000e+04
1.276144628906250000e+04
1.284079492187500000e+04
1.280133105468750000e+04
1.278135546875000000e+04
1.281082617187500000e+04
1.275489941406250000e+04
1.279572851562500000e+04
1.277281542968750000e+04
1.279029980468750000e+04
1.278928710937500000e+04
1.276139941406250000e+04
1.279093652343750000e+04
1.277264062500000000e+04
1.279414550781250000e+04
1.275864941406250000e+04
1.278758398437500000e+04
1.277698828125000000e+04
1.278510058593750000e+04
1.281208984375000000e+04
1.275548144531250000e+04
1.276822949218750000e+04
1.279287109375000000e+04
1.278824218750000000e+04
1.277704296875000000e+04
1.277634570312500000e+04
1.277466699218750000e+04
1.279668066406250000e+04
1.277894433593750000e+04
1.277061621093750000e+04
1.277586328125000000e+04
1.274549511718750000e+04
1.279077636718750000e+04
1.276992578125000000e+04
1.278136816406250000e+04
1.277033984375000000e+04
1.278034667968750000e+04
1.278326464843750000e+04
1.277129101562500000e+04
1.278934375000000000e+04
1.277960839843750000e+04
1.277407910156250000e+04
1.278124121093750000e+04
1.279157812500000000e+04
1.280462402343750000e+04
1.276516113281250000e+04
1.279760742187500000e+04
1.281564648437500000e+04
1.277770800781250000e+04
1.279863769531250000e+04
1.279527734375000000e+04
1.279189843750000000e+04
1.277248925781250000e+04
1.278008593750000000e+04
1.280543066406250000e+04
1.277685449218750000e+04
1.277348730468750000e+04
1.278163574218750000e+04
1.277678222656250000e+04
1.278196972656250000e+04
1.279087402343750000e+04
1.277396093750000000e+04
1.278860253906250000e+04
1.279107910156250000e+04
1.275123632812500000e+04
1.277746777343750000e+04
1.276897460937500000e+04
1.277430078125000000e+04
1.278238281250000000e+04
1.277710546875000000e+04
1.276620898437500000e+04
1.277575976562500000e+04
1.278243750000000000e+04
1.279759472656250000e+04
1.277561328125000000e+04
1.277468652343750000e+04
1.279074218750000000e+04
1.280394433593750000e+04
1.277320507812500000e+04
1.276513085937500000e+04
1.276787109375000000e+04
1.276341699218750000e+04
1.280757812500000000e+04
1.279799707031250000e+04
1.277747558593750000e+04
1.280126562500000000e+04
1.280107421875000000e+04
1.277438867187500000e+04
1.277390429687500000e+04
1.276589941406250000e+04
1.276697753906250000e+04
1.279189648437500000e+04
1.275164160156250000e+04
1.279760937500000000e+04
1.279171386718750000e+04
1.278328027343750000e+04
1.278698535156250000e+04
1.276763574218750000e+04
1.280037792968750000e+04
1.278462988281250000e+04
1.279745507812500000e+04
1.277285742187500000e+04
1.277052734375000000e+04
1.278696972656250000e+04
1.278343359375000000e+04
1.274412890625000000e+04
1.280719824218750000e+04
1.279341503906250000e+04
1.277993066406250000e+04
1.278329003906250000e+04
1.280772949218750000e+04
1.278050000000000000e+04
1.276870410156250000e+04
1.276334570312500000e+04
1.279388574218750000e+04
1.278703027343750000e+04
1.276218847656250000e+04
1.277499511718750000e+04
1.277418066406250000e+04
1.276401660156250000e+04
1.278315429687500000e+04
1.280372167968750000e+04
1.279281445312500000e+04
1.279427050781250000e+04
1.281119921875000000e+04
1.279016308593750000e+04
1.279245703125000000e+04
1.281208203125000000e+04
1.277596679687500000e+04
1.277822753906250000e+04
1.278032714843750000e+04
1.275745117187500000e+04
1.278001855468750000e+04
1.274598828125000000e+04
1.276893554687500000e+04
1.277479003906250000e+04
1.278594921875000000e+04
1.274428515625000000e+04
1.277377050781250000e+04
1.276529785156250000e+04
1.279228613281250000e+04
1.281525292968750000e+04
1.280281347656250000e+04
1.278612695312500000e+04
1.277292578125000000e+04
1.279037207031250000e+04
1.278787500000000000e+04
1.280543457031250000e+04
1.279332421875000000e+04
1.276367089843750000e+04
1.279470312500000000e+04
1.280031445312500000e+04
1.277250195312500000e+04
1.277453222656250000e+04
1.280682910156250000e+04
1.279111914062500000e+04
1.277709765625000000e+04
1.275617089843750000e+04
1.276512792968750000e+04
1.279649121093750000e+04
1.277802636718750000e+04
1.278604296875000000e+04
1.281307128906250000e+04
1.278354785156250000e+04
1.280963671875000000e+04
1.280510156250000000e+04
1.279013085937500000e+04
1.279986035156250000e+04
1.278990917968750000e+04
1.278749902343750000e+04
1.277803808593750000e+04
1.279359765625000000e+04
1.277788964843750000e+04
1.278912695312500000e+04
1.277885449218750000e+04
1.279398632812500000e+04
1.278927539062500000e+04
1.276028613281250000e+04
1.279807421875000000e+04
1.279240722656250000e+04
1.277612695312500000e+04
1.276311718750000000e+04
1.277065039062500000e+04
1.279217968750000000e+04
1.279148535156250000e+04
1.279618457031250000e+04
1.279164257812500000e+04
1.280103613281250000e+04
1.278102929687500000e+04
1.279116601562500000e+04
1.280628808593750000e+04
1.278339550781250000e+04
1.278938378906250000e+04
1.279196484375000000e+04
1.276092187500000000e+04
1.279005371093750000e+04
1.278944433593750000e+04
1.282349121093750000e+04
1.277273535156250000e+04
1.276067871093750000e+04
1.277521679687500000e+04
1.279145996093750000e+04
1.277826171875000000e+04
1.279145605468750000e+04
1.278613085937500000e+04
1.276558984375000000e+04
1.277650878906250000e+04
1.281455957031250000e+04
1.281142187500000000e+04
1.278745019531250000e+04
1.277122753906250000e+04
1.279633007812500000e+04
1.281725488281250000e+04
1.281012500000000000e+04
1.280224414062500000e+04
1.278329101562500000e+04
1.277059375000000000e+04
1.279916601562500000e+04
1.277304199218750000e+04
1.277337792968750000e+04
1.279765527343750000e+04
1.278654296875000000e+04
1.280734863281250000e+04
1.280692773437500000e+04
1.277870019531250000e+04
1.285736230468750000e+04
1.279967480468750000e+04
1.281277734375000000e+04
1.276700097656250000e+04
1.278229980468750000e+04
1.276249609375000000e+04
1.281703515625000000e+04
1.276689257812500000e+04
1.279511621093750000e+04
1.277343066406250000e+04
1.279907812500000000e+04
1.277000976562500000e+04
1.280373242187500000e+04
1.278489453125000000e+04
1.276848046875000000e+04
1.278531152343750000e+04
1.278716699218750000e+04
1.279819140625000000e+04
1.278840722656250000e+04
1.278692382812500000e+04
1.276475781250000000e+04
1.274762207031250000e+04
1.277322167968750000e+04
1.274954101562500000e+04
1.276288281250000000e+04
1.275747363281250000e+04
1.281303125000000000e+04
1.276907617187500000e+04
1.281442285156250000e+04
1.277262988281250000e+04
1.280479101562500000e+04
1.279125878906250000e+04
1.276374511718750000e+04
1.277379687500000000e+04
1.278378222656250000e+04
1.280411621093750000e+04
1.278876367187500000e+04
1.277763085937500000e+04
1.278490527343750000e+04
1.278561132812500000e+04
1.278200976562500000e+04
1.279214062500000000e+04
1.276165820312500000e+04
1.277621484375000000e+04
1.279755468750000000e+04
1.277885253906250000e+04
1.279633300781250000e+04
1.277196875000000000e+04
1.277019433593750000e+04
1.281728906250000000e+04
1.279632226562500000e+04
1.278448144531250000e+04
1.278701562500000000e+04
1.281824804687500000e+04
1.279443652343750000e+04
1.279619726562500000e+04
1.278059472656250000e+04
1.278561816406250000e+04
1.280173339843750000e+04
1.274657128906250000e+04
1.278300878906250000e+04
1.278080761718750000e+04
1.280324121093750000e+04
1.276606250000000000e+04
1.279397265625000000e+04
1.278943457031250000e+04
1.278142382812500000e+04
1.278464746093750000e+04
1.277552636718750000e+04
1.278073828125000000e+04
1.279797167968750000e+04
1.282276562500000000e+04
1.282294140625000000e+04
1.279461914062500000e+04
1.277257910156250000e+04
1.278060546875000000e+04
1.278105175781250000e+04
1.279761132812500000e+04
1.278495800781250000e+04
1.281756933593750000e+04
1.280674414062500000e+04
1.277561718750000000e+04
1.278439062500000000e+04
1.276648632812500000e+04
1.279154785156250000e+04
1.279376953125000000e+04
1.276608789062500000e+04
1.277977734375000000e+04
1.278295996093750000e+04
1.279881542968750000e+04
1.280708105468750000e+04
1.278728808593750000e+04
1.275786523437500000e+04
1.281599218750000000e+04
1.283695410156250000e+04
1.280347851562500000e+04
1.277126855468750000e+04
1.279393164062500000e+04
1.277540332031250000e+04
1.276622558593750000e+04
1.279092578125000000e+04
1.278592285156250000e+04
1.278752246093750000e+04
1.280289062500000000e+04
1.280852246093750000e+04
1.280128808593750000e+04
1.279981542968750000e+04
1.278243359375000000e+04
1.280158886718750000e+04
1.277118847656250000e+04
1.282310058593750000e+04
1.279303417968750000e+04
1.279980273437500000e+04
1.281476757812500000e+04
1.281284765625000000e+04
1.281064160156250000e+04
1.278878515625000000e+04
1.278133203125000000e+04
1.279440136718750000e+04
1.278525976562500000e+04
1.278441992187500000e+04
1.279782714843750000e+04
1.278196289062500000e+04
1.281653222656250000e+04
1.280932226562500000e+04
1.284131054687500000e+04
1.278741210937500000e+04
1.278288183593750000e+04
1.279979101562500000e+04
1.281022460937500000e+04
1.279325000000000000e+04
1.277998730468750000e+04
1.278855078125000000e+04
1.281178808593750000e+04
1.283348339843750000e+04
1.279936230468750000e+04
1.280655468750000000e+04
1.279878710937500000e+04
1.279011230468750000e+04
1.279810449218750000e+04
1.281606152343750000e+04
1.280354980468750000e+04
1.278712011718750000e+04
1.280422460937500000e+04
1.278772070312500000e+04
1.281068359375000000e+04
1.276325390625000000e+04
1.278727148437500000e+04
1.281073925781250000e+04
1.279546777343750000e+04
1.278292285156250000e+04
1.278453417968750000e+04
1.277589453125000000e+04
1.280315234375000000e+04
1.279562011718750000e+04
1.279564648437500000e+04
1.278659277343750000e+04
1.281262109375000000e+04
1.277884667968750000e+04
1.280629296875000000e+04
1.279369824218750000e+04
1.279268457031250000e+04
1.280824804687500000e+04
1.280965234375000000e+04
1.279063964843750000e+04
1.278211718750000000e+04
1.279445507812500000e+04
1.278552148437500000e+04
1.277572167968750000e+04
1.279397363281250000e+04
1.277483300781250000e+04
1.283237207031250000e+04
1.281714843750000000e+04
1.278991894531250000e+04
1.279077636718750000e+04
1.280670605468750000e+04
1.282178808593750000e+04
1.281542871093750000e+04
1.277383593750000000e+04
1.280631054687500000e+04
1.279992675781250000e+04
1.277175683593750000e+04
1.282387695312500000e+04
1.282235351562500000e+04
1.280205468750000000e+04
1.275977832031250000e+04
1.278329785156250000e+04
1.279052734375000000e+04
1.278896093750000000e+04
1.276962597656250000e+04
1.279127832031250000e+04
1.278035156250000000e+04
1.278575488281250000e+04
1.280517578125000000e+04
1.274617675781250000e+04
1.279656054687500000e+04
1.278757617187500000e+04
1.278643457031250000e+04
1.276467285156250000e+04
1.276245800781250000e+04
1.277782617187500000e+04
1.276492382812500000e+04
1.278108593750000000e+04
1.279541015625000000e+04
1.278173437500000000e+04
1.278291894531250000e+04
1.276465136718750000e+04
1.279495996093750000e+04
1.277835156250000000e+04
1.278924414062500000e+04
1.276038671875000000e+04
1.279265722656250000e+04
1.282089746093750000e+04
1.276989941406250000e+04
1.276674023437500000e+04
1.277850488281250000e+04
1.279989062500000000e+04
1.279109082031250000e+04
1.278306640625000000e+04
1.277131445312500000e+04
1.275934472656250000e+04
1.278777636718750000e+04
1.277801464843750000e+04
1.280264355468750000e+04
1.277004003906250000e+04
1.278793164062500000e+04
1.278076562500000000e+04
1.277758593750000000e+04
1.275668750000000000e+04
1.281309082031250000e+04
1.279042480468750000e+04
1.278069140625000000e+04
1.278333886718750000e+04
1.282434375000000000e+04
1.278067089843750000e+04
1.277744238281250000e+04
1.278703027343750000e+04
1.280314453125000000e+04
1.280557519531250000e+04
1.280646484375000000e+04
1.279498535156250000e+04
1.279677148437500000e+04
1.276535937500000000e+04
1.279895019531250000e+04
1.278829199218750000e+04
1.276496484375000000e+04
1.277320214843750000e+04
1.275285449218750000e+04
1.281344042968750000e+04
1.278995996093750000e+04
1.279319726562500000e+04
1.279435742187500000e+04
1.277719824218750000e+04
1.280330371093750000e+04
1.278832812500000000e+04
1.277281054687500000e+04
1.279727343750000000e+04
1.279275390625000000e+04
1.278537500000000000e+04
1.277961914062500000e+04
1.278134863281250000e+04
1.281300000000000000e+04
1.281710742187500000e+04
1.275760742187500000e+04
1.279563476562500000e+04
1.278548339843750000e+04
1.275770605468750000e+04
1.278152929687500000e+04
1.279314062500000000e+04
1.277901367187500000e+04
1.279001855468750000e+04
1.279315820312500000e+04
1.280658886718750000e+04
1.280089550781250000e+04
1.278127246093750000e+04
1.276193359375000000e+04
1.277833789062500000e+04
1.278040136718750000e+04
1.277025683593750000e+04
1.278133789062500000e+04
1.278417382812500000e+04
1.278946386718750000e+04
1.279333984375000000e+04
1.280426269531250000e+04
1.277446777343750000e+04
1.281674511718750000e+04
1.278193164062500000e+04
1.280102441406250000e+04
1.280924316406250000e+04
1.276975000000000000e+04
1.277377539062500000e+04
1.281212890625000000e+04
1.278484570312500000e+04
1.277004394531250000e+04
1.278538281250000000e+04
1.276978613281250000e+04
1.279535839843750000e+04
1.277389257812500000e+04
1.277679394531250000e+04
1.276981445312500000e+04
1.277781640625000000e+04
1.279042871093750000e+04
1.278468164062500000e+04
1.275812597656250000e+04
1.275483789062500000e+04
1.278526757812500000e+04
1.276126367187500000e+04
1.278810937500000000e+04
1.280437207031250000e+04
1.279763281250000000e+04
1.276749023437500000e+04
1.281496093750000000e+04
1.277581250000000000e+04
1.277629687500000000e+04
1.277765722656250000e+04
1.277075683593750000e+04
1.278355664062500000e+04
1.280004492187500000e+04
1.277467480468750000e+04
1.278266796875000000e+04
1.277971679687500000e+04
1.275980273437500000e+04
1.278689746093750000e+04
1.279159472656250000e+04
1.275369042968750000e+04
1.277319238281250000e+04
1.276642187500000000e+04
1.276368066406250000e+04
1.274579882812500000e+04
1.279971191406250000e+04
1.280215527343750000e+04
1.282600000000000000e+04
1.276367578125000000e+04
1.279012695312500000e+04
1.276389062500000000e+04
1.276211230468750000e+04
1.279318359375000000e+04
1.276038378906250000e+04
1.277072265625000000e+04
1.276143847656250000e+04
1.278175488281250000e+04
1.277185156250000000e+04
1.283120019531250000e+04
1.278824707031250000e+04
1.277765234375000000e+04
1.276290820312500000e+04
1.276032617187500000e+04
1.279098828125000000e+04
1.277687597656250000e+04
1.278487500000000000e+04
1.277833984375000000e+04
1.273889843750000000e+04
1.278373437500000000e+04
1.277883105468750000e+04
1.277661914062500000e+04
1.275752050781250000e+04
1.276212500000000000e+04
1.277565917968750000e+04
1.275454296875000000e+04
1.278266113281250000e+04
1.277623144531250000e+04
1.277000390625000000e+04
1.278805078125000000e+04
1.276286425781250000e+04
1.276858300781250000e+04
1.277244628906250000e+04
1.279552929687500000e+04
1.278699609375000000e+04
1.275794921875000000e+04
1.276479492187500000e+04
1.277754003906250000e+04
1.277116992187500000e+04
1.276708398437500000e+04
1.276331933593750000e+04
1.277054785156250000e+04
1.278573242187500000e+04
1.278173535156250000e+04
1.278288574218750000e+04
1.276253125000000000e+04
1.277583398437500000e+04
1.278120507812500000e+04
1.278144335937500000e+04
1.275877636718750000e+04
1.276642089843750000e+04
1.279264355468750000e+04
1.277094921875000000e+04
1.277730664062500000e+04
1.277590332031250000e+04
1.278037792968750000e+04
1.280091894531250000e+04
1.277758984375000000e+04
1.279678320312500000e+04
1.279891406250000000e+04
1.278454101562500000e+04
1.278194140625000000e+04
1.277507128906250000e+04
1.278282421875000000e+04
1.279339843750000000e+04
1.277686914062500000e+04
1.276191699218750000e+04
1.278700781250000000e+04
1.280249511718750000e+04
1.277889843750000000e+04
1.277493652343750000e+04
1.279773925781250000e+04
1.277832519531250000e+04
1.277696875000000000e+04
1.281027343750000000e+04
1.278759570312500000e+04
1.279470214843750000e+04
1.278287207031250000e+04
1.280440234375000000e+04
1.279226367187500000e+04
1.277801562500000000e+04
1.277625488281250000e+04
1.279393652343750000e+04
1.277387402343750000e+04
1.277515625000000000e+04
1.278785156250000000e+04
1.280926855468750000e+04
1.279062500000000000e+04
1.278454199218750000e+04
1.280611230468750000e+04
1.277417285156250000e+04
1.276245312500000000e+04
1.277286816406250000e+04
1.278225390625000000e+04
1.277641503906250000e+04
1.279815039062500000e+04
1.281035351562500000e+04
1.278409570312500000e+04
1.278344238281250000e+04
1.283473535156250000e+04
1.279086425781250000e+04
1.278591210937500000e+04
1.279309863281250000e+04
1.280147167968750000e+04
1.277287988281250000e+04
1.274996289062500000e+04
1.280875781250000000e+04
1.278079785156250000e+04
1.278203808593750000e+04
1.275114550781250000e+04
1.278896093750000000e+04
1.280422460937500000e+04
1.277181054687500000e+04
1.278386425781250000e+04
1.279609082031250000e+04
1.279190820312500000e+04
1.276885156250000000e+04
1.277137402343750000e+04
1.276696875000000000e+04
1.280027343750000000e+04
1.276422167968750000e+04
1.277362695312500000e+04
1.276695507812500000e+04
1.276944726562500000e+04
1.277349511718750000e+04
1.277633593750000000e+04
1.277519628906250000e+04
1.281012890625000000e+04
1.277946289062500000e+04
1.276851855468750000e+04
1.278730566406250000e+04
1.280810742187500000e+04
1.278079589843750000e+04
1.278460351562500000e+04
1.281398535156250000e+04
1.278558886718750000e+04
1.279387988281250000e+04
1.276846484375000000e+04
1.278235449218750000e+04
1.279453222656250000e+04
1.279344531250000000e+04
1.277677832031250000e+04
1.279580859375000000e+04
1.278789550781250000e+04
1.278183691406250000e+04
1.277439257812500000e+04
1.277890527343750000e+04
1.276858398437500000e+04
1.279551464843750000e+04
1.280215820312500000e+04
1.277152246093750000e+04
1.278728320312500000e+04
1.279386816406250000e+04
1.279215722656250000e+04
1.274388281250000000e+04
1.278626757812500000e+04
1.277582617187500000e+04
1.276374121093750000e+04
1.278720410156250000e+04
1.278552734375000000e+04
1.278381347656250000e+04
1.278085839843750000e+04
1.277740722656250000e+04
1.279208496093750000e+04
1.278767773437500000e+04
1.278033691406250000e+04
1.279098437500000000e+04
1.277665820312500000e+04
1.277074121093750000e+04
1.276557226562500000e+04
1.279161816406250000e+04
1.280314062500000000e+04
1.277905468750000000e+04
1.278727148437500000e+04
1.279402929687500000e+04
1.277734667968750000e+04
1.277499707031250000e+04
1.277574023437500000e+04
1.277090527343750000e+04
1.276941992187500000e+04
1.277953515625000000e+04
1.280512304687500000e+04
1.276278125000000000e+04
1.280395312500000000e+04
1.278058691406250000e+04
1.278172753906250000e+04
1.276289746093750000e+04
1.278944824218750000e+04
1.277590625000000000e+04
1.278173046875000000e+04
1.276539648437500000e+04
1.276428125000000000e+04
1.276536718750000000e+04
1.277942578125000000e+04
1.279900000000000000e+04
1.277073437500000000e+04
1.277245605468750000e+04
1.278355078125000000e+04
1.278152246093750000e+04
1.277644921875000000e+04
1.278160742187500000e+04
1.279404101562500000e+04
1.277336425781250000e+04
1.278395507812500000e+04
1.278369628906250000e+04
1.277062402343750000e+04
1.279255468750000000e+04
1.279277636718750000e+04
1.278112011718750000e+04
1.280534863281250000e+04
1.278942187500000000e+04
1.278876562500000000e+04
1.279116308593750000e+04
1.278837304687500000e+04
1.278285937500000000e+04
1.278012500000000000e+04
1.280545800781250000e+04
1.278649023437500000e+04
1.278755957031250000e+04
1.280044726562500000e+04
1.280981445312500000e+04
1.278663867187500000e+04
1.280278125000000000e+04
1.274998925781250000e+04
1.279913183593750000e+04
1.279427050781250000e+04
1.278590429687500000e+04
1.278640527343750000e+04
1.278049218750000000e+04
1.277762695312500000e+04
1.279863964843750000e+04
1.277639160156250000e+04
1.279464257812500000e+04
1.279919335937500000e+04
1.277384667968750000e+04
1.275209472656250000e+04
1.280141699218750000e+04
1.275375195312500000e+04
1.279366699218750000e+04
1.278498144531250000e+04
1.277784082031250000e+04
1.278356640625000000e+04
1.277856542968750000e+04
1.277625488281250000e+04
1.279988574218750000e+04
1.279676367187500000e+04
1.279073144531250000e+04
1.281856054687500000e+04
1.278726757812500000e+04
1.280478222656250000e+04
1.276574218750000000e+04
1.278643847656250000e+04
1.277990039062500000e+04
1.279384375000000000e+04
1.277542480468750000e+04
1.277213574218750000e+04
1.278656054687500000e+04
1.280813378906250000e+04
1.277317480468750000e+04
1.280264355468750000e+04
1.278638378906250000e+04
1.280939648437500000e+04
1.279980957031250000e+04
1.278522851562500000e+04
1.277309375000000000e+04
1.280206933593750000e+04
1.281219726562500000e+04
1.277735156250000000e+04
1.279938183593750000e+04
1.277182910156250000e+04
1.279916992187500000e+04
1.280736816406250000e+04
1.278003222656250000e+04
1.278405761718750000e+04
1.278470117187500000e+04
1.280690527343750000e+04
1.280861230468750000e+04
1.279362109375000000e+04
1.280002929687500000e+04
1.280368652343750000e+04
1.278040527343750000e+04
1.276694726562500000e+04
1.280124316406250000e+04
1.278644824218750000e+04
1.276419628906250000e+04
1.278467089843750000e+04
1.278227441406250000e+04
1.280543457031250000e+04
1.279867578125000000e+04
1.281480468750000000e+04
1.280995996093750000e+04
1.279187695312500000e+04
1.276672363281250000e+04
1.277879589843750000e+04
1.281137988281250000e+04
1.280445898437500000e+04
1.281635058593750000e+04
1.279602148437500000e+04
1.279053125000000000e+04
1.278078808593750000e+04
1.276632617187500000e+04
1.279660253906250000e+04
1.276198535156250000e+04
1.280918652343750000e+04
1.277887500000000000e+04
1.279358593750000000e+04
1.281382324218750000e+04
1.278998730468750000e+04
1.279198730468750000e+04
1.281750097656250000e+04
1.278202050781250000e+04
1.278820605468750000e+04
1.278009570312500000e+04
1.278829199218750000e+04
1.279634375000000000e+04
1.281113867187500000e+04
1.276816308593750000e+04
1.276071875000000000e+04
1.276624023437500000e+04
1.278899707031250000e+04
1.278257421875000000e+04
1.277859570312500000e+04
1.281151464843750000e+04
1.277092285156250000e+04
1.279525976562500000e+04
1.281344531250000000e+04
1.276221289062500000e+04
1.277302832031250000e+04
1.277637402343750000e+04
1.278653027343750000e+04
1.280312792968750000e+04
1.278450781250000000e+04
1.279195996093750000e+04
1.279440917968750000e+04
1.280939062500000000e+04
1.277963183593750000e+04
1.281892480468750000e+04
1.279019531250000000e+04
1.278209179687500000e+04
1.277996777343750000e+04
1.280334375000000000e+04
1.277594531250000000e+04
1.277189648437500000e+04
1.279263183593750000e+04
1.277331933593750000e+04
1.281280468750000000e+04
1.278850585937500000e+04
1.275870703125000000e+04
1.280843847656250000e+04
1.275706835937500000e+04
1.275053417968750000e+04
1.277216699218750000e+04
1.279675292968750000e+04
1.279648828125000000e+04
1.279087011718750000e+04
1.276447851562500000e+04
1.276435937500000000e+04
1.280266992187500000e+04
1.276395312500000000e+04
1.278479589843750000e+04
1.277672851562500000e+04
1.278502441406250000e+04
1.280425976562500000e+04
1.279187011718750000e+04
1.280519921875000000e+04
1.276302636718750000e+04
1.278247070312500000e+04
1.279885449218750000e+04
1.276137304687500000e+04
1.278664550781250000e+04
1.280394531250000000e+04
1.279334472656250000e+04
1.276601562500000000e+04
1.278274316406250000e+04
1.276346582031250000e+04
1.278764355468750000e+04
1.279339062500000000e+04
1.280930566406250000e+04
1.277367285156250000e+04
1.278855175781250000e+04
1.276967187500000000e+04
1.282378906250000000e+04
1.280295507812500000e+04
1.277754199218750000e+04
1.279180566406250000e+04
1.278229296875000000e+04
1.279605273437500000e+04
1.281453613281250000e+04
1.278106835937500000e+04
1.277534082031250000e+04
1.279702539062500000e+04
1.279439941406250000e+04
1.279186132812500000e+04
1.277389550781250000e+04
1.276190722656250000e+04
1.280523046875000000e+04
1.277505371093750000e+04
1.281622460937500000e+04
1.277252441406250000e+04
1.277935742187500000e+04
1.276446875000000000e+04
1.279470507812500000e+04
1.275196484375000000e+04
1.279635449218750000e+04
1.278389355468750000e+04
1.276583789062500000e+04
1.280657910156250000e+04
1.278460546875000000e+04
1.280450683593750000e+04
1.280807128906250000e+04
1.278861425781250000e+04
1.275218945312500000e+04
1.280037207031250000e+04
1.278347265625000000e+04
1.279620019531250000e+04
1.277904199218750000e+04
1.279594824218750000e+04
1.278648437500000000e+04
1.276071386718750000e+04
1.276135742187500000e+04
1.279285058593750000e+04
1.278212207031250000e+04
1.279917675781250000e+04
1.281717675781250000e+04
1.277599023437500000e+04
1.281323632812500000e+04
1.280908398437500000e+04
1.279373828125000000e+04
1.280168847656250000e+04
1.280644335937500000e+04
1.278719140625000000e+04
1.280296093750000000e+04
1.281187695312500000e+04
1.280301464843750000e+04
1.279454003906250000e+04
1.276158886718750000e+04
1.280619824218750000e+04
1.278278613281250000e+04
1.279805566406250000e+04
1.280396289062500000e+04
1.279454882812500000e+04
1.277547753906250000e+04
1.278666308593750000e+04
1.277500292968750000e+04
1.276247070312500000e+04
1.283450292968750000e+04
1.280824023437500000e+04
1.279221875000000000e+04
1.281011035156250000e+04
1.280062597656250000e+04
1.278626074218750000e+04
1.280371386718750000e+04
1.281165039062500000e+04
1.277600195312500000e+04
1.279077734375000000e+04
1.275653515625000000e+04
1.278874511718750000e+04
1.279606250000000000e+04
1.278827050781250000e+04
1.279533593750000000e+04
1.279913574218750000e+04
1.278811425781250000e+04
1.278693164062500000e+04
1.279292675781250000e+04
1.277095605468750000e+04
1.279550878906250000e+04
1.279678515625000000e+04
1.279176367187500000e+04
1.278821777343750000e+04
1.281016308593750000e+04
1.278973437500000000e+04
1.277872753906250000e+04
1.279095117187500000e+04
1.282239453125000000e+04
1.279465136718750000e+04
1.278175390625000000e+04
1.278232812500000000e+04
1.279842871093750000e+04
1.281245800781250000e+04
1.284797558593750000e+04
1.280550292968750000e+04
1.277592089843750000e+04
1.278033984375000000e+04
1.277020605468750000e+04
1.281341015625000000e+04
1.276947167968750000e+04
1.279417773437500000e+04
1.283386718750000000e+04
1.277042187500000000e+04
1.277860546875000000e+04
1.278581152343750000e+04
1.277722167968750000e+04
1.277233691406250000e+04
1.279631347656250000e+04
1.279119628906250000e+04
1.276715722656250000e+04
1.280525000000000000e+04
1.278711328125000000e+04
1.274822265625000000e+04
1.279706738281250000e+04
1.277961816406250000e+04
1.280358789062500000e+04
1.275817285156250000e+04
1.278503515625000000e+04
1.278022949218750000e+04
1.278341992187500000e+04
1.278896875000000000e+04
1.276804882812500000e+04
1.280808593750000000e+04
1.279581250000000000e+04
1.279456835937500000e+04
1.277038476562500000e+04
1.274975781250000000e+04
1.278511914062500000e+04
1.278959082031250000e+04
1.279754980468750000e+04
1.278825488281250000e+04
1.278736621093750000e+04
1.280172460937500000e+04
1.278969921875000000e+04
1.277967968750000000e+04
1.278094335937500000e+04
1.279621484375000000e+04
1.280480957031250000e+04
1.275441406250000000e+04
1.282272460937500000e+04
1.278341113281250000e+04
1.280279394531250000e+04
1.279481542968750000e+04
1.276443750000000000e+04
1.279440722656250000e+04
1.276765136718750000e+04
1.280750585937500000e+04
1.278807714843750000e+04
1.282509082031250000e+04
1.277715917968750000e+04
1.278902832031250000e+04
1.279065527343750000e+04
1.280716503906250000e+04
1.281121875000000000e+04
1.282698046875000000e+04
1.280335546875000000e+04
1.279358398437500000e+04
1.280133789062500000e+04
1.282102246093750000e+04
1.279573046875000000e+04
1.280393750000000000e+04
1.279886132812500000e+04
1.278133398437500000e+04
1.278624023437500000e+04
1.279348144531250000e+04
1.279422070312500000e+04
1.280172656250000000e+04
1.278862207031250000e+04
1.281352148437500000e+04
1.280184375000000000e+04
1.279600000000000000e+04
1.279517871093750000e+04
1.281091406250000000e+04
1.280401367187500000e+04
1.279997363281250000e+04
1.277271386718750000e+04
1.279918164062500000e+04
1.278649218750000000e+04
1.280884863281250000e+04
1.280306152343750000e+04
1.279974902343750000e+04
1.280796289062500000e+04
1.280038378906250000e+04
1.279360546875000000e+04
1.277900781250000000e+04
1.284062109375000000e+04
1.280305175781250000e+04
1.276418359375000000e+04
1.279425781250000000e+04
1.280920019531250000e+04
1.279737988281250000e+04
1.277458789062500000e+04
1.279612011718750000e+04
1.279924902343750000e+04
1.280261816406250000e+04
1.280721679687500000e+04
1.277578515625000000e+04
1.278833886718750000e+04
1.278956738281250000e+04
1.281413476562500000e+04
1.280404687500000000e+04
1.278884179687500000e+04
1.281615722656250000e+04
1.277451562500000000e+04
1.279522851562500000e+04
1.279313476562500000e+04
1.278394628906250000e+04
1.275363574218750000e+04
1.277828906250000000e+04
1.277680859375000000e+04
1.278214843750000000e+04
1.277704003906250000e+04
1.276605371093750000e+04
1.276737988281250000e+04
1.280543066406250000e+04
1.277524316406250000e+04
1.278576757812500000e+04
1.278036718750000000e+04
1.281374316406250000e+04
1.276846972656250000e+04
1.276776269531250000e+04
1.278428808593750000e+04
1.276142285156250000e+04
1.276135449218750000e+04
1.276368066406250000e+04
1.277927148437500000e+04
1.278331250000000000e+04
1.277938085937500000e+04
1.278714648437500000e+04
1.278407226562500000e+04
1.278478710937500000e+04
1.278800781250000000e+04
1.278558984375000000e+04
1.278462597656250000e+04
1.277896289062500000e+04
1.276175781250000000e+04
1.278410937500000000e+04
1.278766796875000000e+04
1.280836621093750000e+04
1.277806152343750000e+04
1.277765234375000000e+04
1.277326367187500000e+04
1.280739550781250000e+04
1.277955078125000000e+04
1.278169335937500000e+04
1.274668164062500000e+04
1.276615234375000000e+04
1.278786132812500000e+04
1.278849316406250000e+04
1.277190527343750000e+04
1.280075976562500000e+04
1.278105957031250000e+04
1.278819921875000000e+04
1.278911816406250000e+04
1.279493066406250000e+04
1.278819531250000000e+04
1.278369335937500000e+04
1.281106933593750000e+04
1.278401757812500000e+04
1.278172656250000000e+04
1.279815722656250000e+04
1.277162207031250000e+04
1.275432617187500000e+04
1.280104394531250000e+04
1.277356250000000000e+04
1.277861132812500000e+04
1.278046093750000000e+04
1.279350488281250000e+04
1.277319433593750000e+04
1.278004394531250000e+04
1.277275878906250000e+04
1.283469726562500000e+04
1.278495800781250000e+04
1.277679101562500000e+04
1.277211132812500000e+04
1.277194824218750000e+04
1.280886816406250000e+04
1.275768261718750000e+04
1.278111328125000000e+04
1.275879785156250000e+04
1.277252343750000000e+04
1.281700683593750000e+04
1.276346386718750000e+04
1.280221582031250000e+04
1.277921289062500000e+04
1.278510449218750000e+04
1.276215917968750000e+04
1.279581738281250000e+04
1.276921777343750000e+04
1.279453808593750000e+04
1.278396972656250000e+04
1.277236523437500000e+04
1.280040917968750000e+04
1.279197753906250000e+04
1.277032519531250000e+04
1.279781835937500000e+04
1.277705078125000000e+04
1.280559667968750000e+04
1.279053710937500000e+04
1.278284765625000000e+04
1.274895019531250000e+04
1.277652148437500000e+04
1.278915332031250000e+04
1.280494921875000000e+04
1.280688378906250000e+04
1.278803613281250000e+04
1.280234082031250000e+04
1.278485351562500000e+04
1.278347265625000000e+04
1.281365039062500000e+04
1.282556933593750000e+04
1.276462011718750000e+04
1.279159179687500000e+04
1.281258398437500000e+04
1.276511328125000000e+04
1.276643261718750000e+04
1.280111230468750000e+04
1.277352441406250000e+04
1.277446777343750000e+04
1.276248242187500000e+04
1.280529296875000000e+04
1.277971386718750000e+04
1.278267187500000000e+04
1.280088378906250000e+04
1.277531542968750000e+04
1.276473730468750000e+04
1.277424414062500000e+04
1.276808593750000000e+04
1.276904296875000000e+04
1.276785058593750000e+04
1.280122167968750000e+04
1.279510058593750000e+04
1.279478417968750000e+04
1.278182910156250000e+04
1.279912792968750000e+04
1.275681445312500000e+04
1.279751269531250000e+04
1.278561230468750000e+04
1.277549707031250000e+04
1.276408496093750000e+04
1.277629199218750000e+04
1.277356640625000000e+04
1.279978710937500000e+04
1.279448925781250000e+04
1.276949609375000000e+04
1.277732812500000000e+04
1.278756738281250000e+04
1.277504687500000000e+04
1.280617285156250000e+04
1.278706250000000000e+04
1.279692480468750000e+04
1.279830957031250000e+04
1.279624609375000000e+04
1.276643945312500000e+04
1.278852832031250000e+04
1.279670898437500000e+04
1.277936230468750000e+04
1.279910839843750000e+04
1.277186718750000000e+04
1.278795117187500000e+04
1.279896386718750000e+04
1.278802636718750000e+04
1.279909082031250000e+04
1.281257617187500000e+04
1.281603710937500000e+04
1.279056445312500000e+04
1.281107910156250000e+04
1.278783789062500000e+04
1.281404980468750000e+04
1.278215234375000000e+04
1.278394921875000000e+04
1.279538476562500000e+04
1.277606054687500000e+04
1.278408300781250000e+04
1.278108398437500000e+04
1.279346093750000000e+04
1.275579882812500000e+04
1.279588769531250000e+04
1.277241992187500000e+04
1.279217675781250000e+04
1.277912304687500000e+04
1.279956835937500000e+04
1.278986621093750000e+04
1.276326855468750000e+04
1.276708593750000000e+04
1.278145019531250000e+04
1.277085742187500000e+04
1.276123730468750000e+04
1.279598730468750000e+04
1.276980078125000000e+04
1.278454199218750000e+04
1.276977343750000000e+04
1.280237890625000000e+04
1.277133007812500000e+04
1.277666796875000000e+04
1.280577246093750000e+04
1.277855468750000000e+04
1.279397265625000000e+04
1.278138183593750000e+04
1.276196191406250000e+04
1.276958007812500000e+04
1.278467773437500000e+04
1.278054199218750000e+04
1.278257324218750000e+04
1.277985449218750000e+04
1.278067285156250000e+04
1.278068457031250000e+04
1.273505664062500000e+04
1.277013085937500000e+04
1.277921679687500000e+04
1.276732812500000000e+04
1.279211914062500000e+04
1.277641406250000000e+04
1.276839355468750000e+04
1.280075976562500000e+04
1.277910839843750000e+04
1.276997753906250000e+04
1.278758691406250000e+04
1.275092675781250000e+04
1.277115722656250000e+04
1.278990332031250000e+04
1.274568750000000000e+04
1.278890234375000000e+04
1.280507031250000000e+04
1.277433691406250000e+04
1.279997753906250000e+04
1.275381542968750000e+04
1.277995214843750000e+04
1.276713085937500000e+04
1.277435058593750000e+04
1.276700585937500000e+04
1.276920898437500000e+04
1.278079003906250000e+04
1.280918554687500000e+04
1.278583593750000000e+04
1.275997363281250000e+04
1.278062109375000000e+04
1.277134765625000000e+04
1.275059277343750000e+04
1.281354687500000000e+04
1.278410253906250000e+04
1.277396191406250000e+04
1.277442871093750000e+04
1.275872656250000000e+04
1.276971289062500000e+04
1.276047949218750000e+04
1.277860644531250000e+04
1.277463183593750000e+04
1.276970898437500000e+04
1.277057128906250000e+04
1.278061718750000000e+04
1.278100976562500000e+04
1.280555273437500000e+04
1.279144335937500000e+04
1.277921777343750000e+04
1.278783886718750000e+04
1.275564062500000000e+04
1.277577832031250000e+04
1.275550292968750000e+04
1.279065625000000000e+04
1.275791992187500000e+04
1.276814941406250000e+04
1.277263769531250000e+04
1.278381738281250000e+04
1.277817675781250000e+04
1.277996777343750000e+04
1.278293359375000000e+04
1.277323730468750000e+04
1.277477636718750000e+04
1.279101074218750000e+04
1.278125292968750000e+04
1.279283496093750000e+04
1.279408398437500000e+04
1.278795019531250000e+04
1.280106542968750000e+04
1.279587695312500000e+04
1.278264843750000000e+04
1.279121386718750000e+04
1.279105761718750000e+04
1.279374121093750000e+04
1.277708886718750000e+04
1.278584570312500000e+04
1.278462890625000000e+04
1.279763476562500000e+04
1.278782128906250000e+04
1.277559277343750000e+04
1.277225390625000000e+04
1.277528710937500000e+04
1.279854492187500000e+04
1.277519335937500000e+04
1.279912500000000000e+04
1.274829199218750000e+04
1.277979003906250000e+04
1.278137792968750000e+04
1.278384472656250000e+04
1.278814550781250000e+04
1.282519335937500000e+04
1.279106445312500000e+04
1.281547363281250000e+04
1.281755175781250000e+04
1.278108789062500000e+04
1.278918261718750000e+04
1.278714355468750000e+04
1.280905566406250000e+04
1.279187011718750000e+04
1.275639843750000000e+04
1.276452148437500000e+04
1.279871484375000000e+04
1.277283203125000000e+04
1.277954589843750000e+04
1.281422949218750000e+04
1.276141015625000000e+04
1.278902832031250000e+04
1.279307421875000000e+04
1.277115332031250000e+04
1.276282714843750000e+04
1.278018457031250000e+04
1.277275878906250000e+04
1.276423046875000000e+04
1.281234472656250000e+04
1.279216992187500000e+04
1.280162597656250000e+04
1.279216113281250000e+04
1.279296386718750000e+04
1.278773828125000000e+04
1.280099707031250000e+04
1.278043847656250000e+04
1.280691406250000000e+04
1.278308691406250000e+04
1.278906152343750000e+04
1.278515234375000000e+04
1.279866015625000000e+04
1.279524121093750000e+04
1.279704296875000000e+04
1.279671582031250000e+04
1.278805468750000000e+04
1.280812109375000000e+04
1.279213476562500000e+04
1.278071484375000000e+04
1.279582421875000000e+04
1.278708789062500000e+04
1.279630371093750000e+04
1.279973339843750000e+04
1.279053417968750000e+04
1.277395312500000000e+04
1.280557519531250000e+04
1.279648828125000000e+04
1.278072167968750000e+04
1.277705957031250000e+04
1.278384082031250000e+04
1.279150097656250000e+04
1.277851464843750000e+04
1.279842675781250000e+04
1.280839550781250000e+04
1.279055957031250000e+04
1.276070117187500000e+04
1.279240234375000000e+04
1.281650878906250000e+04
1.279156152343750000e+04
1.278169238281250000e+04
1.280809667968750000e+04
1.275434570312500000e+04
1.279703906250000000e+04
1.278836816406250000e+04
1.280046386718750000e+04
1.280072070312500000e+04
1.278370703125000000e+04
1.279905859375000000e+04
1.279670410156250000e+04
1.279587304687500000e+04
1.277840136718750000e+04
1.276491894531250000e+04
1.277813574218750000e+04
1.280117285156250000e+04
1.278378320312500000e+04
1.280922265625000000e+04
1.279592187500000000e+04
1.279093164062500000e+04
1.276765820312500000e+04
1.277625488281250000e+04
1.276521582031250000e+04
1.278096972656250000e+04
1.280325781250000000e+04
1.282308593750000000e+04
1.279160058593750000e+04
1.278239648437500000e+04
1.278784472656250000e+04
1.277153320312500000e+04
1.280591601562500000e+04
1.278121093750000000e+04
1.280054980468750000e+04
1.278463281250000000e+04
1.275717187500000000e+04
1.279650000000000000e+04
1.276316503906250000e+04
1.278613574218750000e+04
1.276994335937500000e+04
1.276762304687500000e+04
1.278717773437500000e+04
1.275020410156250000e+04
1.277793457031250000e+04
1.280420312500000000e+04
1.276449023437500000e+04
1.276636328125000000e+04
1.278899707031250000e+04
1.278397558593750000e+04
1.277444140625000000e+04
1.278698925781250000e+04
1.277318066406250000e+04
1.278332714843750000e+04
1.274281054687500000e+04
1.275629101562500000e+04
1.278566308593750000e+04
1.279629492187500000e+04
1.279850585937500000e+04
1.279873437500000000e+04
1.279741796875000000e+04
1.276293652343750000e+04
1.278587207031250000e+04
1.278405664062500000e+04
1.279298632812500000e+04
1.278076562500000000e+04
1.277966601562500000e+04
1.280865527343750000e+04
1.275695117187500000e+04
1.280818750000000000e+04
1.277652734375000000e+04
1.280276367187500000e+04
1.279456054687500000e+04
1.275598535156250000e+04
1.278662109375000000e+04
1.280553027343750000e+04
1.280059472656250000e+04
1.277730859375000000e+04
1.277636425781250000e+04
1.277203515625000000e+04
1.280153710937500000e+04
1.280062988281250000e+04
1.277651367187500000e+04
1.278603710937500000e+04
1.281124804687500000e+04
1.283243457031250000e+04
1.276231542968750000e+04
1.278158300781250000e+04
1.277999609375000000e+04
1.277779589843750000e+04
1.278567578125000000e+04
1.279225488281250000e+04
1.279141796875000000e+04
1.277707910156250000e+04
1.277837890625000000e+04
1.279452636718750000e+04
1.283686425781250000e+04
1.279191503906250000e+04
1.276994531250000000e+04
1.277265136718750000e+04
1.277274804687500000e+04
1.276208203125000000e+04
1.278653808593750000e+04
1.281121191406250000e+04
1.277320703125000000e+04
1.280149316406250000e+04
1.277570117187500000e+04
1.280552832031250000e+04
1.273528515625000000e+04
1.277169921875000000e+04
1.278090917968750000e+04
1.277858007812500000e+04
1.277463867187500000e+04
1.278494433593750000e+04
1.280044628906250000e+04
1.277706347656250000e+04
1.282243750000000000e+04
1.276028613281250000e+04
1.278712890625000000e+04
1.279735546875000000e+04
1.278212988281250000e+04
1.278995703125000000e+04
1.280222753906250000e+04
1.278712109375000000e+04
1.276812890625000000e+04
1.276144238281250000e+04
1.278940722656250000e+04
1.277456738281250000e+04
1.277229101562500000e+04
1.279497558593750000e+04
1.280213476562500000e+04
1.279137207031250000e+04
1.281054003906250000e+04
1.277088867187500000e+04
1.281108105468750000e+04
1.278926269531250000e+04
1.281667285156250000e+04
1.279575000000000000e+04
1.278042578125000000e+04
1.279137988281250000e+04
1.279800488281250000e+04
1.278735449218750000e+04
1.281125488281250000e+04
1.279312109375000000e+04
1.282429492187500000e+04
1.279551757812500000e+04
1.277787109375000000e+04
1.280299707031250000e+04
1.277958984375000000e+04
1.277411523437500000e+04
1.277864453125000000e+04
1.276052050781250000e+04
1.277383203125000000e+04
1.278672753906250000e+04
1.277304687500000000e+04
1.278977148437500000e+04
1.276700683593750000e+04
1.283291015625000000e+04
1.279026367187500000e+04
1.278859960937500000e+04
1.280466113281250000e+04
1.276650195312500000e+04
1.278334765625000000e+04
1.279164160156250000e+04
1.277023535156250000e+04
1.278011328125000000e+04
1.280480371093750000e+04
1.277587109375000000e+04
1.278108593750000000e+04
1.278443261718750000e+04
1.278061035156250000e+04
1.277093164062500000e+04
1.275767578125000000e+04
1.277278417968750000e+04
1.279058007812500000e+04
1.278214062500000000e+04
1.280641796875000000e+04
1.280486523437500000e+04
1.282028906250000000e+04
1.280210742187500000e+04
1.276724511718750000e+04
1.278341796875000000e+04
1.277365039062500000e+04
1.276750292968750000e+04
1.280326660156250000e+04
1.277377148437500000e+04
1.280420117187500000e+04
1.278780371093750000e+04
1.274955761718750000e+04
1.277811230468750000e+04
1.277919531250000000e+04
1.278158105468750000e+04
1.276943554687500000e+04
1.280013574218750000e+04
1.275264453125000000e+04
1.275445214843750000e+04
1.276641503906250000e+04
1.278784960937500000e+04
1.282308105468750000e+04
1.277580664062500000e+04
1.277227246093750000e+04
1.278719140625000000e+04
1.281731347656250000e+04
1.277004589843750000e+04
1.274807617187500000e+04
1.278200781250000000e+04
1.275370117187500000e+04
1.283646582031250000e+04
1.275498632812500000e+04
1.276585253906250000e+04
1.276586132812500000e+04
1.278189550781250000e+04
1.280179101562500000e+04
1.280505175781250000e+04
1.276729785156250000e+04
1.276433496093750000e+04
1.280349609375000000e+04
1.277225878906250000e+04
1.275379589843750000e+04
1.276684277343750000e+04
1.277525292968750000e+04
1.276242773437500000e+04
1.280055273437500000e+04
1.277131738281250000e+04
1.281872363281250000e+04
1.280071972656250000e+04
1.280203710937500000e+04
1.281213476562500000e+04
1.281653515625000000e+04
1.278042968750000000e+04
1.280209082031250000e+04
1.279474316406250000e+04
1.282202246093750000e+04
1.280713476562500000e+04
1.279538378906250000e+04
1.278825195312500000e+04
1.278767871093750000e+04
1.280354296875000000e+04
1.281030468750000000e+04
1.277509570312500000e+04
1.280971582031250000e+04
1.277267089843750000e+04
1.279844628906250000e+04
1.278992773437500000e+04
1.280488867187500000e+04
1.279159863281250000e+04
1.281394921875000000e+04
1.279460253906250000e+04
1.281083886718750000e+04
1.278593847656250000e+04
1.281188476562500000e+04
1.282407128906250000e+04
1.279230078125000000e+04
1.281147656250000000e+04
1.275760742187500000e+04
1.281523437500000000e+04
1.278976757812500000e+04
1.280358496093750000e+04
1.279562011718750000e+04
1.281365917968750000e+04
1.280050878906250000e+04
1.281055566406250000e+04
1.278387304687500000e+04
1.280589355468750000e+04
1.279780078125000000e+04
1.278806933593750000e+04
1.278235839843750000e+04
1.280514648437500000e+04
1.280859765625000000e+04
1.281266796875000000e+04
1.283991894531250000e+04
1.280125976562500000e+04
1.279901074218750000e+04
1.280663769531250000e+04
1.280569726562500000e+04
1.280593457031250000e+04
1.279296582031250000e+04
1.277102246093750000e+04
1.277575195312500000e+04
1.281801074218750000e+04
1.281927441406250000e+04
1.281586328125000000e+04
1.278280957031250000e+04
1.282795019531250000e+04
1.280726269531250000e+04
1.280638183593750000e+04
1.278613574218750000e+04
1.280047265625000000e+04
1.277726367187500000e+04
1.282846972656250000e+04
1.279519433593750000e+04
1.281564843750000000e+04
1.281084179687500000e+04
1.280965917968750000e+04
1.281454101562500000e+04
1.283030957031250000e+04
1.278918652343750000e+04
1.280346386718750000e+04
1.278842285156250000e+04
1.278733398437500000e+04
1.282458691406250000e+04
1.278199707031250000e+04
1.281492578125000000e+04
1.281612109375000000e+04
1.281672753906250000e+04
1.277458691406250000e+04
1.282562304687500000e+04
1.280935546875000000e+04
