-2.295685479145959107e-01
-2.281796531092368241e-01
-2.267907587697663985e-01
-2.254018644302959729e-01
-2.240129700908255472e-01
-2.226240757504456269e-01
-2.212351814102930803e-01
-2.198462866049339937e-01
-2.184573922654635680e-01
-2.170684979259931424e-01
-2.156796035865227168e-01
-2.142907092468249175e-01
-2.129018149073544919e-01
-2.115129205672019452e-01
-2.101240262268220249e-01
-2.087351318873515993e-01
-2.073462375478811737e-01
-2.059573436740720354e-01
-2.045684493343742361e-01
-2.031795549949038104e-01
-2.017906606552060111e-01
-2.004017663157355855e-01
-1.990128719755830389e-01
-1.976239776354304922e-01
-1.962350837613939802e-01
-1.948461894219235546e-01
-1.934572950822257553e-01
-1.920684007427553297e-01
-1.906795068689461914e-01
-1.892906125294757658e-01
-1.879017181890958454e-01
-1.865128243146045861e-01
-1.851239299749067868e-01
-1.837350356354363612e-01
-1.823461417616272229e-01
-1.809572474221567973e-01
-1.795683535483476589e-01
-1.781794592079677386e-01
-1.767905653327943583e-01
-1.754016709924144379e-01
-1.740127771186052996e-01
-1.726238827791348740e-01
-1.712349889053257357e-01
-1.698460945656279364e-01
-1.684572006918187981e-01
-1.670683063521209988e-01
-1.642905181374771928e-01
-1.629016242636680545e-01
-1.615127303896315425e-01
-1.601238360501611169e-01
-1.587349421761246049e-01
-1.573460483023154666e-01
-1.559571544285063283e-01
-1.545682600890359026e-01
-1.531793662143172696e-01
-1.517904723398260103e-01
-1.504015784657894983e-01
-1.490126845919803600e-01
-1.476237902525099344e-01
-1.462348963787007960e-01
-1.448460025048916577e-01
-1.434571086308551457e-01
-1.420682147563638864e-01
-1.406793208816452534e-01
-1.392904270078361151e-01
-1.379015331340269768e-01
-1.365126392602178385e-01
-1.351237453861813265e-01
-1.337348515123721882e-01
-1.323459576383356762e-01
-1.309570637638444168e-01
-1.281792760155440192e-01
-1.267903821415075072e-01
-1.254014882676983689e-01
-1.240125943936618569e-01
-1.226237005198527186e-01
-1.212348066460435803e-01
-1.198459132369862346e-01
-1.170681254886858369e-01
-1.156792316148766986e-01
1.162659252140656463e-01
1.176548176908909227e-01
1.190437101679435727e-01
1.218214951222762465e-01
1.232103880656723049e-01
1.245992805424975813e-01
1.273770654963755078e-01
1.287659579732007842e-01
1.301548504507081816e-01
1.315437429284429527e-01
1.329326354059503501e-01
1.343215278834577475e-01
1.384882053143883240e-01
1.398770977912136004e-01
1.412659902680388768e-01
1.426548827448641532e-01
1.440437752225989243e-01
1.454326677001063217e-01
1.482104526539842482e-01
1.495993451308095246e-01
1.509882376076348010e-01
1.523771300844600773e-01
1.537660220958514401e-01
1.551549145733588375e-01
1.565438070510936086e-01
1.579326995279188850e-01
1.593215920047441614e-01
1.607104840159081505e-01
1.620993764929608005e-01
1.634882689697860769e-01
1.648771614468387270e-01
1.662660534580027161e-01
1.676549459355101135e-01
1.690438384130175109e-01
1.704327308900701610e-01
1.718216229012341500e-01
1.732105153782868001e-01
1.745994078551120765e-01
1.759882998662760656e-01
1.773771923431013420e-01
1.787660843551748258e-01
1.801549768326822232e-01
1.815438693095074996e-01
1.829327613208988623e-01
1.843216537977241387e-01
1.857105458088881278e-01
1.870994382857134042e-01
1.884883302971047669e-01
1.898772227746121644e-01
1.912661147866856481e-01
1.940438992746749136e-01
1.954327917515001900e-01
1.968216837628915528e-01
1.982105757740555418e-01
2.009883602627269283e-01
2.023772527404616994e-01
2.037661447525351832e-01
2.051550367643812933e-01
2.065439292412065697e-01
2.079328212523705588e-01
2.093217132637619216e-01
2.134883897638246708e-01
2.148772817756707809e-01
2.162661742524960573e-01
2.176550662638874201e-01
2.190439582750514091e-01
2.204328502862153982e-01
2.218217427630406746e-01
2.232106347744320374e-01
2.245995267862781475e-01
2.259884187983516313e-01
2.273773108095156203e-01
2.287662028206796094e-01
2.301550952975048858e-01
-2.303934556374004350e-01
-2.290045659545428824e-01
-2.276156767373466172e-01
-2.262267875192408573e-01
-2.248378983013624710e-01
-2.234490090841662058e-01
-2.220601194010812796e-01
-2.206712301838850143e-01
-2.192823409666887491e-01
-2.178934517494924838e-01
-2.165045625320688449e-01
-2.151156728485291714e-01
-2.137267836304234114e-01
-2.123378944132271462e-01
-2.109490051960308810e-01
-2.095601159788346157e-01
-2.081712267614109768e-01
-2.067823375442147116e-01
-2.053934478613571590e-01
-2.040045586439335201e-01
-2.026156694260551339e-01
-2.012267802081767476e-01
-1.998378909909804824e-01
-1.984490017735568435e-01
-1.970601125563605782e-01
-1.956712233389369393e-01
-1.942823341217406741e-01
-1.928934449045444088e-01
-1.915045556864386489e-01
-1.901156664685602626e-01
-1.887267772513639974e-01
-1.873378880339403585e-01
-1.859489988167440933e-01
-1.845601095995478280e-01
-1.831712203823515628e-01
-1.817823311642458028e-01
-1.803934419456852956e-01
-1.790045527275795356e-01
-1.776156635103832704e-01
-1.762267742931870051e-01
-1.748378850759907399e-01
-1.734489963242283883e-01
-1.720601071070321231e-01
-1.706712178898358578e-01
-1.692823286719574716e-01
-1.678934394538517116e-01
-1.665045502366554464e-01
-1.651156610194591812e-01
-1.637267718020355423e-01
-1.623378830505005643e-01
-1.609489938330769254e-01
-1.595601046158806602e-01
-1.581712153986843949e-01
-1.567823261805786350e-01
-1.553934374283615361e-01
-1.540045482111652708e-01
-1.526156589937416319e-01
-1.512267697765453667e-01
-1.498378810250103887e-01
-1.484489918078141235e-01
-1.470601025903904846e-01
-1.456712133725120983e-01
-1.442823246200676257e-01
-1.428934354028713605e-01
-1.415045461856750952e-01
-1.401156574341401173e-01
-1.387267682169438521e-01
-1.373378789995202132e-01
-1.359489902479852352e-01
-1.345601010301068490e-01
-1.331712118120010890e-01
-1.317823230604661111e-01
-1.303934338432698459e-01
-1.290045450915074943e-01
-1.276156558743112290e-01
-1.262267666568875901e-01
-1.248378779053526122e-01
-1.234489886867921049e-01
-1.220600999338928849e-01
-1.206712107164692460e-01
-1.192823214992729808e-01
-1.178934327475106292e-01
-1.165045435303143639e-01
1.154398631196583702e-01
1.168287514062141819e-01
1.182176396929973672e-01
1.196065279788710578e-01
1.209954162647447484e-01
1.223843045506184390e-01
1.237731928367195033e-01
1.251620811225931940e-01
1.265509694086942583e-01
1.279398576945679489e-01
1.293287459811237605e-01
1.307176342676795722e-01
1.321065225537806365e-01
1.334954108396543271e-01
1.348842991255280177e-01
1.362731874116290820e-01
1.376620756975027726e-01
1.390509639833764632e-01
1.404398522701596486e-01
1.418287405567154602e-01
1.432176288425891508e-01
1.446065171286902151e-01
1.459954054145639057e-01
1.473842937004375964e-01
1.487731819863112870e-01
1.501620702724123513e-01
1.515509585596502840e-01
1.529398468471155903e-01
1.543287351329892809e-01
1.557176229532016842e-01
1.571065112390753749e-01
1.584953995251764391e-01
1.598842878110501298e-01
1.612731760969238204e-01
1.626620643834796320e-01
1.640509522046015300e-01
1.654398404904752207e-01
1.668287287763489113e-01
1.682176170624499756e-01
1.696065053483236662e-01
1.709953931687634432e-01
1.723842814546371338e-01
1.737731697405108244e-01
1.751620580272940098e-01
1.765509458481885341e-01
1.779398341340622247e-01
1.793287224201632890e-01
1.807176107060369796e-01
1.821064985262493829e-01
1.834953868121230736e-01
1.848842750982241379e-01
1.862731629191186622e-01
1.876620512059018475e-01
1.890509394917755381e-01
1.904398277776492288e-01
1.918287155978616321e-01
1.932176038837353227e-01
1.946064917041750997e-01
1.959953799900487903e-01
1.973842682766046019e-01
1.987731560977265000e-01
2.001620443836001906e-01
2.015509326694738812e-01
2.029398204899136582e-01
2.043287087757873488e-01
2.057175965966818731e-01
2.071064848834650585e-01
2.084953727043595828e-01
2.098842609909153945e-01
2.112731492770164587e-01
2.126620370972288621e-01
2.140509253833299264e-01
2.154398132035423297e-01
2.168287014894160203e-01
2.182175893096284236e-01
2.196064775957294879e-01
2.209953654166240122e-01
2.223842537034071976e-01
2.237731415236196009e-01
2.251620298094932915e-01
2.265509176297056948e-01
2.279398054499180981e-01
2.293286937360191624e-01
-2.298329144397316393e-01
-2.284440284814822641e-01
-2.270551425236876364e-01
-2.256662561004590950e-01
-2.242773701428918409e-01
-2.228884841853245868e-01
-2.214995977618686718e-01
-2.201107118043014177e-01
-2.187218258460520426e-01
-2.173329394219140065e-01
-2.159440534643467524e-01
-2.145551675067794983e-01
-2.131662815492122443e-01
-2.117773951257563292e-01
-2.103885091681890751e-01
-2.089996232103944473e-01
-2.076107372528271933e-01
-2.062218508289165309e-01
-2.048329648706671557e-01
-2.034440789128725280e-01
-2.020551929553052739e-01
-2.006663065318493588e-01
-1.992774205742821048e-01
-1.978885346167148507e-01
-1.964996486591475966e-01
-1.951107627006708478e-01
-1.937218762767601854e-01
-1.923329903189655576e-01
-1.909441043613983036e-01
-1.895552184038310495e-01
-1.881663324455816744e-01
-1.867774460216710120e-01
-1.853885600638763842e-01
-1.839996741056270091e-01
-1.826107881471502603e-01
-1.812219021895830062e-01
-1.798330162320157521e-01
-1.784441302744484981e-01
-1.770552443166538703e-01
-1.756663583590866162e-01
-1.742774719356307012e-01
-1.728885859773813261e-01
-1.714997000191319509e-01
-1.701108140615646969e-01
-1.687219281037700691e-01
-1.673330421462028150e-01
-1.659441561884081873e-01
-1.645552702308409332e-01
-1.631663842732736791e-01
-1.617774983147969303e-01
-1.603886123565475552e-01
-1.589997263989803011e-01
-1.576108404414130471e-01
-1.562219544836184193e-01
-1.548330685260511652e-01
-1.534441825684839111e-01
-1.520552966109166571e-01
-1.506664106531220293e-01
-1.492775246948726542e-01
-1.478886387363959054e-01
-1.464997527788286513e-01
-1.451108668212613972e-01
-1.437219808636941432e-01
-1.423330949052173944e-01
-1.409442089469680193e-01
-1.395553229891733915e-01
-1.381664370309240164e-01
-1.367775515383359286e-01
-1.353886655807686745e-01
-1.339997796229740468e-01
-1.326108936654067927e-01
-1.312220077076121649e-01
-1.298331217500449108e-01
-1.284442357924776568e-01
-1.270553498340009080e-01
-1.256664643414128202e-01
-1.242775783838455661e-01
-1.228886924262783120e-01
-1.214998064684836843e-01
-1.201109205109164302e-01
-1.187220345533491761e-01
-1.173331490614432093e-01
-1.159442631029664605e-01
1.159996317872978855e-01
1.173885172801133470e-01
1.187774027727014348e-01
1.201662877989461142e-01
1.215551732910794547e-01
1.229440587829854215e-01
1.243329438092301009e-01
1.257218293020455624e-01
1.271107143289723629e-01
1.284995998208783297e-01
1.298884853127842964e-01
1.312773703392563496e-01
1.326662558311623163e-01
1.340551408574069958e-01
1.354440263493129626e-01
1.368329118421284241e-01
1.382217968690552246e-01
1.396106823611885650e-01
1.409995673874332445e-01
1.423884528793392112e-01
1.437773379055838907e-01
1.451662233977172312e-01
1.465551084239619106e-01
1.479439939165499984e-01
1.493328789437041726e-01
1.507217644356101394e-01
1.521106494618548188e-01
1.534995349539881593e-01
1.548884199802328387e-01
1.562773054721388055e-01
1.576661904986108587e-01
1.590550759911989465e-01
1.604439610190352417e-01
1.618328465116233295e-01
1.632217315378680089e-01
1.646106170297739757e-01
1.659995020562460288e-01
1.673883870824907083e-01
1.687772725743966751e-01
1.701661576006413545e-01
1.715550430934568160e-01
1.729439281203836165e-01
1.743328131468556697e-01
1.757216986387616364e-01
1.771105836650063159e-01
1.784994691569122827e-01
1.798883541833843358e-01
1.812772392096290153e-01
1.826661247022171031e-01
1.840550097293712772e-01
1.854438947556159567e-01
1.868327802475219235e-01
1.882216652737666029e-01
1.896105503002386561e-01
1.909994357921446229e-01
1.923883208186166760e-01
1.937772058455434765e-01
1.951660908724702770e-01
1.979438613908482969e-01
1.993327464170929764e-01
2.007216319092263168e-01
2.021105169361531173e-01
2.034994019630799178e-01
2.048882869902340920e-01
2.062771724828221798e-01
2.076660575090668592e-01
2.090549425355389124e-01
2.104438275617835918e-01
2.118327125880282713e-01
2.132215980799342381e-01
2.146104831064062912e-01
2.159993681326509707e-01
2.173882531595777712e-01
2.187771381867319453e-01
2.201660236786379121e-01
2.215549087048825916e-01
2.229437937311272711e-01
2.243326787575993242e-01
2.257215637838440037e-01
2.271104488103160568e-01
2.284993338372428573e-01
2.298882193298309451e-01
-2.292749110878927743e-01
-2.278860274586319568e-01
-2.264971442948050528e-01
-2.251082606655442353e-01
-2.237193770360560441e-01
-2.223304938717743928e-01
-2.209416102418314543e-01
-2.195527266125706367e-01
-2.181638434487437328e-01
-2.167749598194829153e-01
-2.153860766556560113e-01
-2.139971930263951938e-01
-2.126083093971343763e-01
-2.112194262326253513e-01
-2.098305426026824128e-01
-2.084416594390828825e-01
-2.070527758095946913e-01
-2.056638926459951611e-01
-2.042750090167343435e-01
-2.028861253874735260e-01
-2.014972422238739957e-01
-2.001083585943858045e-01
-1.987194754301041533e-01
-1.973305917999338410e-01
-1.959417086356521898e-01
-1.945528250057092512e-01
-1.931639418421097210e-01
-1.917750582126215297e-01
-1.903861750490219995e-01
-1.889972914195338083e-01
-1.876084082552521570e-01
-1.862195246253092185e-01
-1.848306414617096882e-01
-1.834417578322214970e-01
-1.820528746686219668e-01
-1.806639915047950629e-01
-1.792751078755342453e-01
-1.778862247119347151e-01
-1.764973410817644028e-01
-1.751084579174827516e-01
-1.737195742882219340e-01
-1.723306911243950301e-01
-1.709418079607954999e-01
-1.695529243315346823e-01
-1.681640411679351521e-01
-1.667751575386743346e-01
-1.653862743741653096e-01
-1.639973912098836584e-01
-1.626085075803954672e-01
-1.612196244167959369e-01
-1.598307412531964067e-01
-1.584418576230260944e-01
-1.570529744587444432e-01
-1.556640912951449129e-01
-1.542752076656567217e-01
-1.528863245013750705e-01
-1.514974413370934192e-01
-1.501085577078326017e-01
-1.487196745440056977e-01
-1.473307913804061675e-01
-1.459419077509179763e-01
-1.445530245873184461e-01
-1.431641414237189158e-01
-1.417752577935486036e-01
-1.403863746292669523e-01
-1.389974914656674221e-01
-1.376086083018405182e-01
-1.362197246725797006e-01
-1.348308415089801704e-01
-1.334419583453806402e-01
-1.306641915516107977e-01
-1.292753083873291464e-01
-1.278864252235022425e-01
-1.264975420599027123e-01
-1.251086588963031820e-01
-1.237197752670423645e-01
-1.223308921025333396e-01
-1.209420089382516883e-01
-1.195531257739700370e-01
-1.181642426094610121e-01
-1.167753594458614819e-01
-1.153864758166006643e-01
1.165569855439146929e-01
1.179458682418529358e-01
1.193347514054524661e-01
1.207236341043002037e-01
1.221125168029205676e-01
1.235013995008588106e-01
1.248902821990244272e-01
1.262791648976447911e-01
1.276680475962651551e-01
1.290569302942033980e-01
1.304458134580303019e-01
1.318346961559685449e-01
1.332235788545889088e-01
1.346124615534366464e-01
1.360013442513748894e-01
1.373902269493131323e-01
1.387791096474787489e-01
1.401679923454169918e-01
1.415568750435826084e-01
1.429457577415208513e-01
1.443346404401412153e-01
1.457235231387615793e-01
1.471124058369271959e-01
1.485012885348654388e-01
1.498901712330310554e-01
1.512790539309692983e-01
1.526679366289075412e-01
1.540568193268457842e-01
1.554457020256935218e-01
1.568345847243138858e-01
1.582234674222521287e-01
1.596123501204177453e-01
1.610012328190381092e-01
1.623901155176584732e-01
1.637789982155967161e-01
1.651678809137623327e-01
1.665567636123826967e-01
1.679456463112304343e-01
1.693345290091686772e-01
1.707234117071069202e-01
1.721122944050451631e-01
1.735011771032107797e-01
1.748900598011490226e-01
1.762789424993146392e-01
1.776678247315915948e-01
1.790567074302119588e-01
1.804455901288323227e-01
1.818344728269979393e-01
1.832233555249361823e-01
1.846122382231017989e-01
1.860011209210400418e-01
1.873900036189782847e-01
1.887788858512552403e-01
1.901677685501029780e-01
1.915566512487233419e-01
1.929455339466615849e-01
1.943344166448272015e-01
1.957232993434475654e-01
1.971121815764066421e-01
1.985010642743448850e-01
1.998899469725105016e-01
2.012788296711308655e-01
2.026677123699786032e-01
2.054454773001938017e-01
2.068343599981320446e-01
2.082232426962976612e-01
2.096121249285746169e-01
2.110010076267402335e-01
2.123898903253605974e-01
2.137787730239809614e-01
2.151676552562579170e-01
2.165565379544235336e-01
2.179454206523617765e-01
2.193343033505273931e-01
2.207231855828043487e-01
2.221120682807425917e-01
2.235009509786808346e-01
2.262787159104876489e-01
2.276675986084258918e-01
2.290564813065915084e-01
2.304453635395505851e-01
-2.301079897445218458e-01
-2.287191089092287521e-01
-2.273302276082743711e-01
-2.259413467720717827e-01
-2.245524654704352807e-01
-2.231635841692535260e-01
-2.217747033339604323e-01
-2.203858220330060513e-01
-2.189969411977129576e-01
-2.176080598965312030e-01
-2.162191790612381093e-01
-2.148302977596016072e-01
-2.134414169233990188e-01
-2.120525360881059251e-01
-2.106636547871515441e-01
-2.092747739516310768e-01
-2.078858926506766958e-01
-2.064970118153836021e-01
-2.051081305142018474e-01
-2.037192496782266327e-01
-2.023303683756806359e-01
-2.009414875397054212e-01
-1.995526062387510402e-01
-1.981637254034579465e-01
-1.967748445679374791e-01
-1.953859632669830981e-01
-1.939970824316900044e-01
-1.926082011307356234e-01
-1.912193202945330350e-01
-1.898304394585578203e-01
-1.884415581573760656e-01
-1.870526773220829719e-01
-1.856637964867898782e-01
-1.842749151858354972e-01
-1.828860343503150299e-01
-1.814971530493606489e-01
-1.801082722133854341e-01
-1.787193913771828457e-01
-1.773305100762284647e-01
-1.759416292409353710e-01
-1.745527484054149037e-01
-1.731638671037784016e-01
-1.717749862675758132e-01
-1.703861054322827195e-01
-1.689972245963075048e-01
-1.676083432946710028e-01
-1.662194624591505354e-01
-1.648305816238574417e-01
-1.634417003229030607e-01
-1.620528194873825933e-01
-1.606639386520894996e-01
-1.592750578167964060e-01
-1.578861765158420249e-01
-1.564972956796394365e-01
-1.551084148436642218e-01
-1.537195340081437545e-01
-1.523306527071893735e-01
-1.509417718718962798e-01
-1.495528910366031861e-01
-1.467751293657896250e-01
-1.453862480641531230e-01
-1.439973672279505346e-01
-1.426084863919753198e-01
-1.412196055560001051e-01
-1.398307247204796377e-01
-1.384418434195252567e-01
-1.370529625840047894e-01
-1.356640817487116957e-01
-1.342752009127364810e-01
-1.314974392414681725e-01
-1.287196771049933242e-01
-1.273307962694728568e-01
-1.259419154341797631e-01
-1.245530345988866694e-01
-1.231641537626840810e-01
-1.217752729267088663e-01
-1.203863920914157726e-01
-1.189975107902340179e-01
-1.176086299549409242e-01
-1.162197491196478305e-01
1.157233215537759596e-01
1.171122019240898871e-01
1.185010822944038145e-01
1.198899626640356209e-01
1.212788430338948009e-01
1.226677234035266073e-01
1.240566042390470747e-01
1.254454846086788811e-01
1.268343649783106875e-01
1.282232453479424938e-01
1.296121257189385423e-01
1.310010060901619644e-01
1.323898864600211445e-01
1.337787668296529509e-01
1.351676476649460446e-01
1.365565280345778509e-01
1.379454084042096573e-01
1.393342887740688374e-01
1.407231691443827648e-01
1.421120495149240659e-01
1.435009298845558723e-01
1.448898102541876787e-01
1.462786906238194851e-01
1.476675709936786651e-01
1.490564513633104715e-01
1.504453317331696516e-01
1.518342121034835790e-01
1.532230924737975064e-01
1.546119728434293128e-01
1.560008532132884929e-01
1.573897335829202992e-01
1.587786139527794793e-01
1.601674943230934067e-01
1.615563746934073341e-01
1.629452550639486352e-01
1.643341354342625626e-01
1.657230158038943690e-01
1.671118961737535491e-01
1.685007765433853555e-01
1.698896569130171619e-01
1.712785372826489683e-01
1.726674176522807747e-01
1.740562980221399547e-01
1.754451783924538821e-01
1.768340587629951832e-01
1.782229391326269896e-01
1.796118195022587960e-01
1.810006998718906024e-01
1.823895802417497825e-01
1.837784606113815888e-01
1.851673405155794816e-01
1.865562208858934090e-01
1.879451012562073364e-01
1.893339816267486375e-01
1.907228619970625649e-01
1.921117423666943713e-01
1.935006227365535514e-01
1.948895031061853578e-01
1.962783830101558769e-01
1.976672633806971779e-01
1.990561437510111054e-01
2.004450241206429117e-01
2.018339044902747181e-01
2.032227848601338982e-01
2.046116652297657046e-01
2.060005451337362237e-01
2.073894255033680301e-01
2.087783058739093311e-01
2.101671862442232586e-01
2.115560666140824386e-01
2.129449465180529577e-01
2.143338268876847641e-01
2.157227072573165705e-01
2.171115876271757505e-01
2.185004675318283907e-01
2.198893479023696917e-01
2.212782282726836192e-01
2.226671086429975466e-01
2.240559890126293530e-01
2.254448689168272457e-01
2.268337492864590521e-01
2.282226296563182322e-01
2.296115095602887513e-01
-2.295541852436854269e-01
-2.281653062703553614e-01
-2.267764272977074169e-01
-2.253875487907207598e-01
-2.239986698178454416e-01
-2.226097908451974972e-01
-2.212209118725495527e-01
-2.198320328999016082e-01
-2.184431539263441691e-01
-2.170542754186753909e-01
-2.156653964458000727e-01
-2.142765174731521283e-01
-2.128876384998220628e-01
-2.114987595264919973e-01
-2.101098810192779665e-01
-2.087210020466300220e-01
-2.073321230732999565e-01
-2.059432440997425173e-01
-2.045543651270945729e-01
-2.031654866201079157e-01
-2.017766076472325976e-01
-2.003877286745846531e-01
-1.989988497019367086e-01
-1.976099711947226778e-01
-1.962210922220747333e-01
-1.948322132487446678e-01
-1.934433342754146024e-01
-1.920544557682005715e-01
-1.906655767955526271e-01
-1.892766978226773089e-01
-1.878878193156906518e-01
-1.864989403430427073e-01
-1.851100613694852681e-01
-1.837211823954730816e-01
-1.823323038878043034e-01
-1.809434249149289853e-01
-1.795545459422810408e-01
-1.781656674352943837e-01
-1.767767884626464392e-01
-1.753879094897711211e-01
-1.739990309827844639e-01
-1.726101520094543984e-01
-1.712212730358969592e-01
-1.698323945289103021e-01
-1.684435155562623576e-01
-1.670546365833870395e-01
-1.656657580764003823e-01
-1.642768791037524378e-01
-1.628880005965384070e-01
-1.614991216232083415e-01
-1.601102426498782760e-01
-1.587213641419821242e-01
-1.573324851686520587e-01
-1.559436061960041142e-01
-1.545547276887900834e-01
-1.531658487161421389e-01
-1.517769702091554818e-01
-1.503880912365075373e-01
-1.489992127286113854e-01
-1.476103337552813199e-01
-1.462214547824060018e-01
-1.448325762754193446e-01
-1.434436973027714002e-01
-1.420548187957847430e-01
-1.406659398229094249e-01
-1.392770613159227677e-01
-1.378881823425927022e-01
-1.364993038346965504e-01
-1.351104248620486059e-01
-1.337215463550619488e-01
-1.323326673815045096e-01
-1.309437888738357314e-01
-1.295549099009604133e-01
-1.281660313939737561e-01
-1.267771524206436906e-01
-1.253882739129749124e-01
-1.239993949400995943e-01
-1.226105164331129371e-01
-1.212216374604649927e-01
-1.198327589532509618e-01
-1.184438799806030174e-01
-1.170550014736163602e-01
-1.156661225000589210e-01
1.162765905473152062e-01
1.176654690543018633e-01
1.190543470956272332e-01
1.204432256028412640e-01
1.218321041098279212e-01
1.232209821513806647e-01
1.246098606583673218e-01
1.259987387003748127e-01
1.273876172080435909e-01
1.287764957152576217e-01
1.301653737572651126e-01
1.315542522651612645e-01
1.329431303064866343e-01
1.343320088134732915e-01
1.357208868547986613e-01
1.371097653626948132e-01
1.384986438703635914e-01
1.398875219119163349e-01
1.412764004189029921e-01
1.426652784602283619e-01
1.440541569672150191e-01
1.454430350087677626e-01
1.468319135157544197e-01
1.482207915577619106e-01
1.496096700656580625e-01
1.509985481069834323e-01
1.523874266139700895e-01
1.537763046552954593e-01
1.551651831625094902e-01
1.565540612045169810e-01
1.579429397124131329e-01
1.593318177544206238e-01
1.607206962620894020e-01
1.621095743034147718e-01
1.634984523449675153e-01
1.648873308519541725e-01
1.662762088935069160e-01
1.676650874004935732e-01
1.690539654418189430e-01
1.704428439488056002e-01
1.718317219910404647e-01
1.732206004987092429e-01
1.746094785402619864e-01
1.759983565815873563e-01
1.773872350885740135e-01
1.787761131298993833e-01
1.801649916371134141e-01
1.815538696791209050e-01
1.829427477218105169e-01
1.843316262297066688e-01
1.857205042710320386e-01
1.871093823123574085e-01
1.884982608193440656e-01
1.898871388608968092e-01
1.912760173678834663e-01
1.926648954094362098e-01
1.940537734514437007e-01
1.954426519591124789e-01
1.968315300004378487e-01
1.982204080419905923e-01
1.996092865489772494e-01
2.009981645905299930e-01
2.023870426318553628e-01
2.037759211388420200e-01
2.051647991810768845e-01
2.065536772230843754e-01
2.079425552650918663e-01
2.093314337729880181e-01
2.107203118143133880e-01
2.121091898556387578e-01
2.134980683626254150e-01
2.148869464041781585e-01
2.162758244461856494e-01
2.176647024884205139e-01
2.190535809954071711e-01
2.204424590367325409e-01
2.218313370780579108e-01
2.232202151193832806e-01
2.246090936265973115e-01
2.259979716679226813e-01
2.273868497094754249e-01
2.287757277514829157e-01
2.301646062591516939e-01
-2.303910715956077881e-01
-2.290021944856049929e-01
-2.276133173753748240e-01
-2.262244407310333161e-01
-2.248355636210305208e-01
-2.234466865110277256e-01
-2.220578098657767230e-01
-2.206689327544096857e-01
-2.192800556434973958e-01
-2.178911789991558878e-01
-2.165023018891530926e-01
-2.151134247791502974e-01
-2.137245481348087894e-01
-2.123356710245786205e-01
-2.109467943795549916e-01
-2.095579172686427016e-01
-2.081690401586399064e-01
-2.067801635142983985e-01
-2.053912864042956032e-01
-2.040024092940654343e-01
-2.026135326497239264e-01
-2.012246555394937575e-01
-1.998357788951522496e-01
-1.984469017844673333e-01
-1.970580246728729223e-01
-1.956691480278492934e-01
-1.942802709178464982e-01
-1.928913942732776166e-01
-1.915025171632748213e-01
-1.901136405189333134e-01
-1.887247634089305182e-01
-1.873358862980182282e-01
-1.859470096529945993e-01
-1.845581325427644304e-01
-1.831692558984229224e-01
-1.817803787884201272e-01
-1.803915021440786193e-01
-1.790026250340758240e-01
-1.776137483895069424e-01
-1.762248712788220262e-01
-1.748359946335710235e-01
-1.734471175228861073e-01
-1.720582408778624783e-01
-1.706693637678596831e-01
-1.692804871232908015e-01
-1.678916100132880063e-01
-1.665027333687191247e-01
-1.651138562580342084e-01
-1.637249796130105794e-01
-1.623361025030077842e-01
-1.609472258584389026e-01
-1.595583487484361074e-01
-1.581694721038672258e-01
-1.567805949938644305e-01
-1.553917183495229226e-01
-1.540028412395201274e-01
-1.526139645942691248e-01
-1.512250874835842085e-01
-1.498362108385605795e-01
-1.484473341933095769e-01
-1.470584570833067817e-01
-1.456695804389652737e-01
-1.442807033289624785e-01
-1.428918266843935969e-01
-1.415029495737086807e-01
-1.401140729284576780e-01
-1.387251962841161701e-01
-1.373363191741133749e-01
-1.359474425297718669e-01
-1.345585654195416980e-01
-1.331696887752001901e-01
-1.317808121306313085e-01
-1.303919350199463922e-01
-1.290030583749227633e-01
-1.276141817305812554e-01
-1.262253046196689654e-01
-1.248364279746453365e-01
-1.234475508644151676e-01
-1.220586742200736596e-01
-1.206697975757321517e-01
-1.192809204648198618e-01
-1.178920438197962328e-01
-1.165031671754547249e-01
1.162535789975150946e-01
1.176424514515871378e-01
1.190313239056591810e-01
1.204201963592764768e-01
1.218090683476872327e-01
1.231979408019866495e-01
1.245868132553765717e-01
1.259756852431052065e-01
1.273645576964951287e-01
1.287534296844511372e-01
1.301423021385231804e-01
1.315311741271613100e-01
1.329200465805512321e-01
1.343089185682798670e-01
1.356977910216697891e-01
1.370866630103079187e-01
1.384755354643799619e-01
1.398644074523359704e-01
1.412532794407467263e-01
1.426421518948187694e-01
1.440310238825474043e-01
1.454198958705034128e-01
1.468087678582320477e-01
1.481976403118493435e-01
1.495865122995779783e-01
1.509753842873066132e-01
1.523642562763994901e-01
1.537531282657197407e-01
1.551420002534483755e-01
1.565308722414043840e-01
1.579197442291330189e-01
1.593086162168616537e-01
1.606974882045902886e-01
1.620863601923189234e-01
1.634752321809570530e-01
1.648641041693678089e-01
1.662529761573238174e-01
1.676418481450524522e-01
1.690307201334632081e-01
1.704195916562126767e-01
1.718084636441686852e-01
1.731973356318973201e-01
1.745862076198533286e-01
1.759750791426027972e-01
1.773639511310135530e-01
1.787528231187421879e-01
1.801416946410369091e-01
1.815305666287655439e-01
1.829194381510602652e-01
1.843083101394710210e-01
1.856971821278817769e-01
1.870860536508586192e-01
1.884749251736080877e-01
1.898637971613367226e-01
1.912526686836314438e-01
1.926415406713600786e-01
1.940304121934274262e-01
1.954192837154947737e-01
1.968081557032234086e-01
1.981970272262002508e-01
1.995858987496318404e-01
2.009747707382699700e-01
2.023636422603373175e-01
2.037525137824046650e-01
2.051413853044720126e-01
2.065302568267667338e-01
2.079191288144953687e-01
2.093080003372448372e-01
2.120857433822890270e-01
2.162523579494005643e-01
2.176412294723774066e-01
2.190301009944447541e-01
2.204189725171942227e-01
2.218078440399436913e-01
2.259744581409391939e-01
2.287522011850738890e-01
2.301410722414799492e-01
-2.304192417109079960e-01
-2.290303743788827395e-01
-2.276415075127461440e-01
-2.262526401816303823e-01
-2.248637733159485341e-01
-2.234749059848327724e-01
-2.220860391193782979e-01
-2.206971717873530414e-01
-2.193083049212164459e-01
-2.179194375894185631e-01
-2.165305707230545940e-01
-2.151417038576001195e-01
-2.137528365264843577e-01
-2.123639696610298833e-01
-2.109751023296867478e-01
-2.095862354642322734e-01
-2.081973685985504252e-01
-2.068085012667525424e-01
-2.054196343999338259e-01
-2.040307675337972304e-01
-2.026419002024540950e-01
-2.012530333369996205e-01
-1.998641664715451460e-01
-1.984752991402020106e-01
-1.970864322747475361e-01
-1.956975654092930617e-01
-1.943086985429290925e-01
-1.929198316767924970e-01
-1.915309643456767352e-01
-1.901420974795401397e-01
-1.887532306131761706e-01
-1.873643637477216961e-01
-1.859754968822672216e-01
-1.845866295509240862e-01
-1.831977626847874907e-01
-1.818088958184235215e-01
-1.804200289529690471e-01
-1.790311620875145726e-01
-1.776422952220600981e-01
-1.762534283563782500e-01
-1.748645614902416545e-01
-1.734756946238776854e-01
-1.720868277577410899e-01
-1.706979608916044944e-01
-1.693090940261500199e-01
-1.679202271604681718e-01
-1.665313602950136973e-01
-1.651424934293318492e-01
-1.637536265638773747e-01
-1.623647596984229002e-01
-1.609758928316041837e-01
-1.595870259645580935e-01
-1.581981590991036191e-01
-1.568092922334217709e-01
-1.554204253679672965e-01
-1.540315585025128220e-01
-1.526426916370583475e-01
-1.512538247716038731e-01
-1.498649583715833122e-01
-1.484760915054467167e-01
-1.470872246390827476e-01
-1.456983577729461521e-01
-1.443094909068095566e-01
-1.429206245070163694e-01
-1.415317576413345213e-01
-1.401428907758800468e-01
-1.387540239101981987e-01
-1.373651570440616032e-01
-1.359762906435862950e-01
-1.345874237781318206e-01
-1.331985569124499724e-01
-1.318096905126567853e-01
-1.304208236465201898e-01
-1.290319567801562206e-01
-1.276430903803630335e-01
-1.262542235139990643e-01
-1.248653566478624688e-01
-1.234764902480692816e-01
-1.220876233823874335e-01
-1.206987569825942463e-01
-1.193098901171397719e-01
-1.179210232516852974e-01
-1.165321568518921103e-01
1.154085017083416043e-01
1.167973676427008778e-01
1.181862335768327776e-01
1.195750990455307639e-01
1.209639649803447847e-01
1.223528309151588056e-01
1.237416963836294181e-01
1.251305623186708127e-01
1.265194282534848336e-01
1.279082937221828198e-01
1.292971596563147196e-01
1.306860251247853322e-01
1.320748910589172320e-01
1.334637569932765055e-01
1.348526224624292391e-01
1.362414883974706337e-01
1.376303538666233672e-01
1.390192198014373881e-01
1.404080852699080006e-01
1.417969512042672742e-01
1.431858166727378867e-01
1.445746826070971602e-01
1.459635480755677728e-01
1.473524140096996726e-01
1.487412794790797799e-01
1.501301454145759218e-01
1.515190108837286553e-01
1.529078768180879289e-01
1.542967422865585414e-01
1.556856077550291539e-01
1.570744736891610538e-01
1.584633391576316663e-01
1.598522046270117736e-01
1.612410705618257944e-01
1.626299360305237807e-01
1.640188019653378015e-01
1.654076674344905351e-01
1.667965329029611476e-01
1.681853988373204212e-01
1.695742643057910337e-01
1.709631297749437673e-01
1.723519952443238745e-01
1.737408611784557744e-01
1.751297266469263869e-01
1.765185921156243731e-01
1.779074575840949857e-01
1.792963235189090065e-01
1.806851889882891138e-01
1.820740544567597263e-01
1.834629199261398336e-01
1.848517853952925671e-01
1.862406513294244670e-01
1.876295167981224532e-01
1.890183822665930657e-01
1.904072477350636783e-01
1.917961132035342908e-01
1.931849786729143981e-01
1.945738441427492527e-01
1.959627100777906472e-01
1.973515755462612598e-01
1.987404410147318723e-01
2.001293064832024848e-01
2.015181719516730974e-01
2.029070374203710836e-01
2.042959028888416961e-01
2.056847683579944297e-01
2.070736338273745369e-01
2.084624992965272705e-01
2.112402302343779903e-01
2.126290957028486028e-01
2.140179611715465890e-01
2.154068266400172016e-01
2.167956921091699352e-01
2.181845575783226687e-01
2.195734230470206549e-01
2.209622885154912675e-01
2.223511539846440010e-01
2.237400194540241083e-01
2.265177499253040461e-01
2.279066153940020323e-01
2.292954808631547658e-01
-2.298785892888078886e-01
-2.284897261486437126e-01
-2.271008630084795366e-01
-2.257119998683153606e-01
-2.243231367272416898e-01
-2.229342735863953928e-01
-2.215454104455490958e-01
-2.201565473044754251e-01
-2.187676841643112491e-01
-2.173788210241470731e-01
-2.159899578837555234e-01
-2.146010947435913474e-01
-2.132122316034271714e-01
-2.118233684630356217e-01
-2.104345053215072037e-01
-2.090456421799787856e-01
-2.076567790395872359e-01
-2.062679163650843472e-01
-2.048790532249201712e-01
-2.034901900845286216e-01
-2.021013269443644456e-01
-2.007124638042002696e-01
-1.993236006631265989e-01
-1.979347379879415891e-01
-1.965458748470952921e-01
-1.951570117060216214e-01
-1.937681485658574454e-01
-1.923792854256932694e-01
-1.909904227511903807e-01
-1.896015596107988310e-01
-1.882126964706346550e-01
-1.868238333297883580e-01
-1.854349701887146873e-01
-1.840461075142117986e-01
-1.826572443731381279e-01
-1.812683812322918309e-01
-1.798795180921276549e-01
-1.784906554173973925e-01
-1.771017922772332165e-01
-1.757129291363869195e-01
-1.743240664612019097e-01
-1.729352033208103601e-01
-1.715463401806461841e-01
-1.701574775061432954e-01
-1.687686143652969983e-01
-1.673797512242233276e-01
-1.659908885497204389e-01
-1.646020254086467682e-01
-1.632131622678004712e-01
-1.604354364529060328e-01
-1.590465737784031441e-01
-1.576577106382389681e-01
-1.562688474980747921e-01
-1.548799848226624087e-01
-1.534911216811339907e-01
-1.521022590057216073e-01
-1.507133958655574313e-01
-1.493245331910545426e-01
-1.479356700508903666e-01
-1.465468069104988169e-01
-1.451579442359959282e-01
-1.437690810956043785e-01
-1.423802184211014898e-01
-1.409913552795730718e-01
-1.396024926037059410e-01
-1.382136294633143914e-01
-1.368247667888115027e-01
-1.354359036484199530e-01
-1.340470409739170643e-01
-1.326581782994141756e-01
-1.312693151592499996e-01
-1.298804524838376162e-01
-1.284915893429913192e-01
-1.271027266678063095e-01
-1.257138635267326388e-01
-1.243250008522297501e-01
-1.229361381777268614e-01
-1.215472750373353117e-01
-1.201584123628324230e-01
-1.187695492219861260e-01
-1.173806865465737426e-01
-1.159918238720708539e-01
1.159482209465861891e-01
1.173370831554277904e-01
1.187259453642693918e-01
1.201148075740204879e-01
1.215036697842263314e-01
1.228925324596387147e-01
1.242813946684803161e-01
1.256702568773219175e-01
1.270591190861635189e-01
1.284479812952324940e-01
1.298368435040740954e-01
1.312257057131430704e-01
1.326145679219846718e-01
1.340034301321905152e-01
1.353922923423963587e-01
1.367811545514653337e-01
1.381700167603069351e-01
1.395588789693759102e-01
1.409477411782175116e-01
1.423366029213978257e-01
1.437254651302394270e-01
1.451143273399905231e-01
1.465031895495142455e-01
1.478920517590379680e-01
1.492809139687890641e-01
1.506697761776306654e-01
1.520586383864722668e-01
1.534475005955412419e-01
1.548363628043828433e-01
1.562252250139065657e-01
1.576140867579963745e-01
1.590029489668379759e-01
1.603918111756795772e-01
1.617806733854306733e-01
1.631695355949543957e-01
1.645583978037959971e-01
1.659472595472036849e-01
1.673361217567274073e-01
1.687249839662511297e-01
1.701138461750927311e-01
1.715027083841617062e-01
1.728915701273420202e-01
1.742804323364109953e-01
1.756692945459347177e-01
1.770581567554584401e-01
1.784470189643000415e-01
1.798358807083898503e-01
1.812247429179135727e-01
1.826136051269825478e-01
1.840024668701628618e-01
1.853913290790044632e-01
1.867801912878460646e-01
1.881690534969150397e-01
1.895579152407774748e-01
1.909467774509833182e-01
1.923356396607344143e-01
1.937245014039147284e-01
1.951133636127563298e-01
1.965022258218253048e-01
1.978910875650056189e-01
1.992799497738472203e-01
2.006688119829161954e-01
2.020576737274607515e-01
2.034465359376665949e-01
2.048353981467355700e-01
2.062242598899158841e-01
2.076131220987574855e-01
2.090019838421651732e-01
2.103908460510067746e-01
2.117797077941870887e-01
2.131685700039381848e-01
2.145574322134619072e-01
2.159462939573243423e-01
2.173351561670754384e-01
2.187240179102557525e-01
2.201128801190973538e-01
2.215017418622776679e-01
2.228906040713466430e-01
2.242794658145269571e-01
2.256683280240506795e-01
2.270571897681404883e-01
2.284460519769820896e-01
2.298349137210718984e-01
-2.293408807707740804e-01
-2.279520204238955072e-01
-2.265631600767895604e-01
-2.251743001955722745e-01
-2.237854398486937013e-01
-2.223965795022698755e-01
-2.210077196217347106e-01
-2.196188592753108848e-01
-2.182299989291144326e-01
-2.168411390485792678e-01
-2.154522787023828156e-01
-2.140634183548221214e-01
-2.126745584726953409e-01
-2.112856981262715150e-01
-2.098968382457363502e-01
-2.085079778995398980e-01
-2.071191175533434459e-01
-2.057302576728082810e-01
-2.043413973263844552e-01
-2.029525374451671693e-01
-2.015636770976064751e-01
-2.001748167505005283e-01
-1.987859568699653634e-01
-1.973970965237689112e-01
-1.960082366430063727e-01
-1.946193762968099206e-01
-1.932305164160473820e-01
-1.918416560698509299e-01
-1.904527961886336440e-01
-1.890639358408455761e-01
-1.876750759596282903e-01
-1.862862156134318381e-01
-1.848973557326692996e-01
-1.835084953864728474e-01
-1.821196355059376826e-01
-1.807307751597412304e-01
-1.793419152782965709e-01
-1.779530549314179977e-01
-1.765641950506554592e-01
-1.751753347037768860e-01
-1.737864748225596001e-01
-1.723976149420244353e-01
-1.710087545956006094e-01
-1.696198947150654446e-01
-1.682310343681868714e-01
-1.668421744867422118e-01
-1.654533141405457597e-01
-1.640644542600105948e-01
-1.626755943785659353e-01
-1.612867340316873621e-01
-1.598978741511521973e-01
-1.585090142703896587e-01
-1.571201539235110856e-01
-1.557312940422937997e-01
-1.543424336960973475e-01
-1.529535738153348090e-01
-1.515647139347996442e-01
-1.501758535883758183e-01
-1.487869937071585325e-01
-1.473981338259412466e-01
-1.460092734797447944e-01
-1.446204135983001349e-01
-1.432315537170828490e-01
-1.418426938363203105e-01
-1.404538334901238583e-01
-1.390649736095886935e-01
-1.376761137290535286e-01
-1.362872533819475818e-01
-1.348983935007302959e-01
-1.335095336195130100e-01
-1.321206737380683505e-01
-1.307318133918718983e-01
-1.293429535113367335e-01
-1.279540936305741949e-01
-1.265652337500390301e-01
-1.251763738692764916e-01
-1.237875135223979184e-01
-1.223986536404985115e-01
-1.210097937592812256e-01
-1.196209338785186871e-01
-1.182320739979835222e-01
-1.168432136517870701e-01
-1.154543537710245316e-01
1.164852174714675614e-01
1.178740768870235600e-01
1.192629363025795586e-01
1.206517957176808098e-01
1.220406551332368084e-01
1.234295145490201806e-01
1.248183739638940581e-01
1.262072333787679357e-01
1.275960927936418132e-01
1.289849522094251855e-01
1.303738116249811840e-01
1.317626710398550616e-01
1.331515304549563128e-01
1.345403898705123114e-01
1.359292492860683099e-01
1.373181087009421875e-01
1.387069681160434387e-01
1.400958275309173162e-01
1.414846869464733148e-01
1.428735463622566870e-01
1.442624057771305646e-01
1.456512651920044421e-01
1.470401246071056933e-01
1.484289840226616919e-01
1.498178434384450641e-01
1.512067028533189417e-01
1.525955622688749402e-01
1.539844216844309388e-01
1.553732810995321900e-01
1.567621405144060676e-01
1.581509999295073188e-01
1.595398588787199090e-01
1.609287182942759076e-01
1.623175777098319061e-01
1.637064371256152784e-01
1.650952965411712769e-01
1.664841559562725282e-01
1.678730153711464057e-01
1.692618747860202832e-01
1.706507337352328735e-01
1.720395931501067510e-01
1.734284525658901233e-01
1.748173119821282429e-01
1.762061713979116151e-01
1.775950308127854926e-01
1.789838897619980829e-01
1.803727491768719604e-01
1.817616085919732116e-01
1.831504680068470892e-01
1.845393274219483404e-01
1.859281863718430516e-01
1.873170457880811712e-01
1.887059052036371698e-01
1.900947646187384210e-01
1.914836235679510112e-01
1.928724829830522625e-01
1.942613423979261400e-01
1.956502018128000175e-01
1.970390607620126078e-01
1.984279201784781010e-01
1.998167795947162206e-01
2.012056385441561845e-01
2.025944979590300621e-01
2.039833573739039396e-01
2.053722167887778172e-01
2.067610757382177811e-01
2.081499351530916586e-01
2.095387945686476572e-01
2.109276535187697421e-01
2.123165129343257407e-01
2.137053723498817392e-01
2.150942312993217032e-01
2.164830907141955807e-01
2.178719501290694582e-01
2.192608090785094221e-01
2.206496684940654207e-01
2.220385274439601320e-01
2.234273868588340095e-01
2.248162462746173818e-01
2.262051052245120930e-01
2.275939646396133442e-01
2.289828235888259345e-01
2.303716830036998120e-01
-2.301944074630873915e-01
-2.288055499094944212e-01
-2.274166923556740771e-01
-2.260278348034453488e-01
-2.246389767855553332e-01
-2.232501192333266049e-01
-2.218612616808705029e-01
-2.204724041286417746e-01
-2.190835461105243853e-01
-2.176946885576135360e-01
-2.163058310040205656e-01
-2.149169734511097163e-01
-2.135281158986536143e-01
-2.121392578807635987e-01
-2.107504003283074967e-01
-2.093615427760787684e-01
-2.079726852238500401e-01
-2.065838276707118171e-01
-2.051949701178009677e-01
-2.038061120992288311e-01
-2.024172545460906081e-01
-2.010283969938618798e-01
-1.996395394416331515e-01
-1.982506818894044232e-01
-1.968618243371756948e-01
-1.954729667847195929e-01
-1.940841087661474562e-01
-1.913063936600983839e-01
-1.899175361071875345e-01
-1.885286785549588062e-01
-1.871398210025027042e-01
-1.857509634502739759e-01
-1.843621058978178739e-01
-1.829732483449070246e-01
-1.815843907919961753e-01
-1.801955332397674470e-01
-1.788066756866292240e-01
-1.774178181337183746e-01
-1.760289601156009853e-01
-1.746401025633722570e-01
-1.732512450111435287e-01
-1.718623874580053057e-01
-1.704735299050944564e-01
-1.690846723528657281e-01
-1.676958147999548787e-01
-1.663069572468166557e-01
-1.649180996945879274e-01
-1.635292421423591991e-01
-1.621403845899030971e-01
-1.607515270369922478e-01
-1.593626694838540248e-01
-1.579738119316252964e-01
-1.565849543793965681e-01
-1.551960972919196324e-01
-1.538072397390087831e-01
-1.524183821867800548e-01
-1.510295246345513265e-01
-1.496406670820952245e-01
-1.482518095291843752e-01
-1.468629519762735258e-01
-1.454740944240447975e-01
-1.440852368715886955e-01
-1.426963793186778462e-01
-1.413075217655396232e-01
-1.399186642133108949e-01
-1.385298071267434539e-01
-1.371409495736052309e-01
-1.357520920206943815e-01
-1.343632344684656532e-01
-1.329743769160095512e-01
-1.315855193637808229e-01
-1.301966618108699736e-01
-1.288078047236204116e-01
-1.274189471711643096e-01
-1.260300896182534602e-01
-1.246412320651152372e-01
-1.232523745128865089e-01
-1.218635169606577806e-01
-1.204746598740903396e-01
-1.190858023216342376e-01
-1.176969447687233883e-01
-1.163080872155851653e-01
1.156310700567509953e-01
1.170199266776571490e-01
1.184087837642245900e-01
1.197976408507920310e-01
1.211864979375868456e-01
1.225753550241542866e-01
1.239642116452878140e-01
1.253530687332194971e-01
1.267419258211511801e-01
1.281307829077186211e-01
1.295196395288521485e-01
1.309084966154195895e-01
1.322973537022144042e-01
1.336862107887818452e-01
1.350750674096879989e-01
1.364639244971649346e-01
1.378527815850966176e-01
1.392416386723461796e-01
1.406304952934797070e-01
1.420193523800471480e-01
1.434082094666145890e-01
1.447970665531820300e-01
1.461859231740881837e-01
1.475747802608829984e-01
1.489636373490420551e-01
1.503524939713124509e-01
1.517413510578798919e-01
1.531302081444473329e-01
1.545190647653534866e-01
1.559079218521483012e-01
1.572967789387157422e-01
1.586856355598492696e-01
1.600744926470988316e-01
1.614633497350305147e-01
1.628522063566187894e-01
1.642410634434136041e-01
1.656299200643197578e-01
1.670187771511145725e-01
1.684076342376820135e-01
1.697964908585881671e-01
1.711853479460651029e-01
1.725742045676533776e-01
1.739630616549029396e-01
1.753519187423798753e-01
1.767407753632860290e-01
1.781296324498534700e-01
1.795184890707596237e-01
1.809073461575544384e-01
1.822962027784605921e-01
1.836850598657101541e-01
1.850739164882079235e-01
1.864627735754574855e-01
1.878516306620249265e-01
1.892404872831584539e-01
1.906293443697258949e-01
1.920182009908594223e-01
1.934070580774268633e-01
1.947959146990151380e-01
1.961847717862647000e-01
1.975736284080803484e-01
1.989624854953299105e-01
2.003513421164634378e-01
2.017401992030308788e-01
2.031290558239370325e-01
2.045179124448431862e-01
2.059067695323201219e-01
2.072956261539083966e-01
2.086844832404758376e-01
2.100733398620641124e-01
2.114621969495410481e-01
2.128510535704472018e-01
2.142399106570146428e-01
2.156287672781481701e-01
2.170176238997364448e-01
2.184064809872133806e-01
2.197953376081195342e-01
2.211841946953690963e-01
2.225730513169573710e-01
2.239619079380908984e-01
2.253507650246583394e-01
2.267396216457918667e-01
2.295173353539475825e-01
-2.296611860392537841e-01
-2.282723308151041186e-01
-2.268834755904997058e-01
-2.254946199002340057e-01
-2.241057646763117139e-01
-2.227169094521620485e-01
-2.213280537618963484e-01
-2.199391985370645619e-01
-2.185503433131422701e-01
-2.171614876235586911e-01
-2.157726323987269046e-01
-2.143837771741224918e-01
-2.129949219502002000e-01
-2.116060662603892473e-01
-2.102172110357848345e-01
-2.088283558111804217e-01
-2.074395005872581299e-01
-2.060506448974471772e-01
-2.046617896728427644e-01
-2.032729344480109779e-01
-2.018840792240886861e-01
-2.004952235345051070e-01
-1.991063683096733206e-01
-1.977175130850689078e-01
-1.963286578611466160e-01
-1.949398021713356632e-01
-1.935509469474133715e-01
-1.921620917228089587e-01
-1.907732364982045459e-01
-1.893843812740548804e-01
-1.879955260501325887e-01
-1.866066703598668886e-01
-1.852178151350351021e-01
-1.838289599111128103e-01
-1.824401046871905185e-01
-1.810512494623587321e-01
-1.796623942377543193e-01
-1.782735385481707402e-01
-1.768846833240210747e-01
-1.754958280994166619e-01
-1.741069728748122492e-01
-1.727181176508899574e-01
-1.713292624267402919e-01
-1.699404072021358791e-01
-1.685515519773040927e-01
-1.671626962877205136e-01
-1.657738410637982218e-01
-1.643849858389664353e-01
-1.629961306143620225e-01
-1.616072753904397308e-01
-1.602184201662900653e-01
-1.588295649423677736e-01
-1.574407097177633608e-01
-1.560518544931589480e-01
-1.546629992690092825e-01
-1.532741440444048697e-01
-1.518852888195730833e-01
-1.504964335956507915e-01
-1.491075783717284997e-01
-1.477187231478062079e-01
-1.463298679229744215e-01
-1.449410126983700087e-01
-1.435521574742203432e-01
-1.421633022502980515e-01
-1.407744470256936387e-01
-1.393855918010892259e-01
-1.379967365769395604e-01
-1.366078813530172686e-01
-1.352190261284128558e-01
-1.338301709035810694e-01
-1.324413156796587776e-01
-1.310524604557364858e-01
-1.296636052309046994e-01
-1.282747500063002866e-01
-1.268858947823779948e-01
-1.254970395582283293e-01
-1.241081843343060376e-01
-1.227193291097016248e-01
-1.213304738850972120e-01
-1.199416186609475465e-01
-1.185527634363431337e-01
-1.171639082115113473e-01
-1.157750529875890555e-01
1.161637270991043858e-01
1.175525818582748849e-01
1.189414366172180104e-01
1.203302913754790149e-01
1.217191461344221404e-01
1.231080008935926395e-01
1.244968556518536440e-01
1.258857104101146485e-01
1.272745651686030266e-01
1.286634199268640311e-01
1.300522746858071566e-01
1.314411294449776557e-01
1.328299842032386602e-01
1.342188389624091593e-01
1.356076937213522848e-01
1.369965484796132893e-01
1.383854032378742938e-01
1.397742579963626719e-01
1.411631127553057974e-01
1.425519675142489229e-01
1.439408222725099273e-01
1.453296770316804265e-01
1.467185317906235520e-01
1.481073865491119301e-01
1.494962408417116473e-01
1.508850955999726517e-01
1.522739503591431509e-01
1.536628051180862764e-01
1.550516598763472809e-01
1.564405146352904064e-01
1.578293693944609055e-01
1.592182241527219100e-01
1.606070784453216271e-01
1.619959332038100053e-01
1.633847879627531308e-01
1.647736427219236299e-01
1.661624974801846344e-01
1.675513522391277599e-01
1.689402065324095981e-01
1.703290612908979762e-01
1.717179160491589807e-01
1.731067708076473588e-01
1.744956255659083633e-01
1.758844803248514888e-01
1.772733346181333269e-01
1.786621893766217051e-01
1.800510441355648306e-01
1.814398988947353297e-01
1.828287531873350469e-01
1.842176079455960513e-01
1.856064627038570558e-01
1.869953174630275550e-01
1.883841717563093932e-01
1.897730265145703976e-01
1.911618812735135231e-01
1.925507360326840223e-01
1.939395903252837394e-01
1.953284450835447439e-01
1.967172998420331220e-01
1.981061546009762475e-01
1.994950088944854594e-01
2.008838636527464638e-01
2.022727184116895893e-01
2.036615727049714275e-01
2.064392822217208101e-01
2.078281365145479009e-01
2.092169912734910264e-01
2.106058460324341519e-01
2.119947003250338691e-01
2.133835550842043682e-01
2.147724098431474937e-01
2.161612641359745846e-01
2.175501188942355890e-01
2.189389736524965935e-01
2.217166827049489308e-01
2.231055374632099353e-01
2.244943917564917735e-01
2.258832465156622726e-01
2.272721008082619898e-01
2.286609555665229943e-01
2.300498103250113724e-01
-2.305187392881201669e-01
-2.291298859268430244e-01
-2.277410325655658818e-01
-2.263521792040613656e-01
-2.249633263070812683e-01
-2.235744729442125101e-01
-2.221856195829353675e-01
-2.207967662216582250e-01
-2.194079128603810824e-01
-2.180190594988765662e-01
-2.166302061375994237e-01
-2.152413532419835684e-01
-2.138524998791148102e-01
-2.124636465164734256e-01
-2.110747931551962830e-01
-2.096859397936917668e-01
-2.082970868980759116e-01
-2.069082335367987691e-01
-2.055193801752942528e-01
-2.041305268140171103e-01
-2.027416739170370130e-01
-2.013528205541682548e-01
-1.999639671928911122e-01
-1.985751138316139697e-01
-1.971862604701094535e-01
-1.957974075744935982e-01
-1.944085542132164557e-01
-1.930197008519393131e-01
-1.916308479554139632e-01
-1.902419945927725786e-01
-1.888531412305859414e-01
-1.874642878693087988e-01
-1.860754349736929436e-01
-1.846865816124158011e-01
-1.832977282509112849e-01
-1.819088748896341423e-01
-1.805200219933361661e-01
-1.791311686304674078e-01
-1.777423152685081442e-01
-1.763534623728922890e-01
-1.749646090113877728e-01
-1.735757556501106302e-01
-1.721869027542674013e-01
-1.707980493929902588e-01
-1.694091960310309952e-01
-1.680203431338235243e-01
-1.666314897718642607e-01
-1.652426364105871182e-01
-1.638537835147438892e-01
-1.624649301534667467e-01
-1.610760772578508915e-01
-1.596872238965737489e-01
-1.582983705343871117e-01
-1.569095176374070144e-01
-1.555206642752203772e-01
-1.541318109139432346e-01
-1.527429580183273794e-01
-1.513541046570502369e-01
-1.499652517614343816e-01
-1.485763983999298654e-01
-1.471875450379706018e-01
-1.457986921414452519e-01
-1.444098387794859883e-01
-1.430209858831880121e-01
-1.416321325219108695e-01
-1.402432796260676406e-01
-1.388544262647904981e-01
-1.374655733689472692e-01
-1.360767200069880056e-01
-1.346878666450287421e-01
-1.332990137485033921e-01
-1.319101603865441286e-01
-1.305213074909282733e-01
-1.291324541294237571e-01
-1.277436012338079019e-01
-1.263547478725307593e-01
-1.249658949760054094e-01
-1.235770416140461458e-01
-1.221881887177481696e-01
-1.207993353555615323e-01
-1.194104824599456771e-01
-1.180216290986685346e-01
-1.166327762030526793e-01
1.153056639538568851e-01
1.166945163838114530e-01
1.180833692801094292e-01
1.194722221766347792e-01
1.208610746065893471e-01
1.222499275022052023e-01
1.236387803980484312e-01
1.250276328286851202e-01
1.264164857252104701e-01
1.278053386208263253e-01
1.291941910514630143e-01
1.305830439477609906e-01
1.319718968433768458e-01
1.333607492735587874e-01
1.347496021691746426e-01
1.361384550654726189e-01
1.375273074963366815e-01
1.389161603919525367e-01
1.403050128219071047e-01
1.416938657184324546e-01
1.430827186147304309e-01
1.444715710449123725e-01
1.458604239405282277e-01
1.472492763711649166e-01
1.486381292674628929e-01
1.500269821633061218e-01
1.514158345932606897e-01
1.528046874895586660e-01
1.541935399204227286e-01
1.555823928160385838e-01
1.569712452459931518e-01
1.583600981425185017e-01
1.597489505731551906e-01
1.611378034689984196e-01
1.625266563646142748e-01
1.639155087952509637e-01
1.653043616915489400e-01
1.666932141217308816e-01
1.680820670180288579e-01
1.694709194488929205e-01
1.708597723445087757e-01
1.722486247744633436e-01
1.736374776700791989e-01
1.750263301009432615e-01
1.764151829972412378e-01
1.778040354274231793e-01
1.791928883237211556e-01
1.805817407543578446e-01
1.819705936499736998e-01
1.833594460801556414e-01
1.847482985101102093e-01
1.861371514057260645e-01
1.875260038363627535e-01
1.889148567328881034e-01
1.903037091635247924e-01
1.916925620598227686e-01
1.930814144900047102e-01
1.944702673856205655e-01
1.958591198158025071e-01
1.972479722457570750e-01
1.986368251420550513e-01
2.000256775726917402e-01
2.014145304692170901e-01
2.028033828998537791e-01
2.041922353300357207e-01
2.055810882256515759e-01
2.069699406556061438e-01
2.083587935512219991e-01
2.097476459820860617e-01
2.111364984134048717e-01
2.125253513099302216e-01
2.139142037398847895e-01
2.153030566355006448e-01
2.166919090654552127e-01
2.180807614956371543e-01
2.194696143912530095e-01
2.208584668218896985e-01
2.222473192534358821e-01
2.236361721497338584e-01
2.250250245796884263e-01
2.264138770098703679e-01
2.278027299054862231e-01
2.291915823356681647e-01
-2.299891551300498049e-01
-2.286003036300535696e-01
-2.272114525961733689e-01
-2.258226010975413756e-01
-2.244337495989093823e-01
-2.230448981002773889e-01
-2.216560466014180220e-01
-2.202671951027860286e-01
-2.188783436034719143e-01
-2.174894921032483053e-01
-2.161006406039341909e-01
-2.147117891053021976e-01
-2.133229376064428306e-01
-2.119340861078108373e-01
-2.105452346089514704e-01
-2.091563831096373560e-01
-2.077675316103232417e-01
-2.063786805764430410e-01
-2.049898290771289266e-01
-2.036009775784969333e-01
-2.022121260796375664e-01
-2.008232745810055730e-01
-1.994344230823735797e-01
-1.980455715828320917e-01
-1.966567200835179774e-01
-1.952678685842038631e-01
-1.938790175503236624e-01
-1.924901660516916690e-01
-1.911013145530596757e-01
-1.897124630544276824e-01
-1.883236115548861944e-01
-1.869347600555720801e-01
-1.855459085567127131e-01
-1.841570575237420071e-01
-1.827682060244278928e-01
-1.813793545251137784e-01
-1.799905030262544114e-01
-1.786016515276224181e-01
-1.772128000283083038e-01
-1.758239489944281031e-01
-1.744350974957961098e-01
-1.730462459971641165e-01
-1.716573944976226285e-01
-1.702685429983085141e-01
-1.688796919653378081e-01
-1.674908404664784412e-01
-1.661019889671643268e-01
-1.647131374678502125e-01
-1.633242859692182192e-01
-1.619354349360201395e-01
-1.605465834367060252e-01
-1.591577319371645372e-01
-1.577688804385325438e-01
-1.563800294048797168e-01
-1.549911779055656025e-01
-1.536023264067062355e-01
-1.522134749080742422e-01
-1.508246238748761625e-01
-1.494357723755620482e-01
-1.480469208762479338e-01
-1.466580693776159405e-01
-1.452692183437357398e-01
-1.438803668444216255e-01
-1.424915153455622585e-01
-1.411026638469302652e-01
-1.397138128139595592e-01
-1.383249613153275659e-01
-1.369361098157860779e-01
-1.355472587814511298e-01
-1.341584072819096418e-01
-1.327695557832776485e-01
-1.313807042846456552e-01
-1.299918532516749492e-01
-1.286030017528155822e-01
-1.272141502541835889e-01
-1.258252992205307619e-01
-1.244364477203071528e-01
-1.230475962209930385e-01
-1.216587451880223325e-01
-1.202698936891629655e-01
-1.188810421905309722e-01
-1.174921911573328925e-01
-1.161033396587008992e-01
1.158348085310826336e-01
1.172236595640533396e-01
1.186125105972514193e-01
1.200013616302221253e-01
1.213902126634202050e-01
1.227790636963909110e-01
1.241679147300437380e-01
1.255567657646060598e-01
1.269456167982588868e-01
1.283344678312295928e-01
1.297233188642002988e-01
1.311121698973983785e-01
1.325010209303690845e-01
1.338898719640219115e-01
1.352787229976747385e-01
1.366675740308728182e-01
1.380564250645256452e-01
1.394452760984058459e-01
1.408341271313765519e-01
1.422229781643472579e-01
1.436118291973179639e-01
1.450006802311981646e-01
1.463895312648509917e-01
1.477783822980490713e-01
1.491672333317018984e-01
1.505560843653547254e-01
1.519449353983254314e-01
1.533337859658622238e-01
1.547226369995150508e-01
1.561114880333952515e-01
1.575003390663659575e-01
1.588891900993366635e-01
1.602780411332168642e-01
1.616668921668696912e-01
1.630557431998403972e-01
1.644445942334932242e-01
1.658334452673734249e-01
1.672222963003441309e-01
1.686111468676535496e-01
1.699999979008516293e-01
1.713888489345044563e-01
1.727776999683846570e-01
1.741665510013553630e-01
1.755554020350081901e-01
1.769442530686610171e-01
1.783331041018590968e-01
1.797219546691685155e-01
1.811108057023665951e-01
1.824996567353373011e-01
1.838885077689901282e-01
1.852773588035524499e-01
1.866662098372052769e-01
1.880550604045146956e-01
1.894439114374854016e-01
1.908327624706834813e-01
1.922216135036541873e-01
1.936104645366248933e-01
1.949993155705050940e-01
1.963881661391787548e-01
1.977770171728315818e-01
2.005547192390003675e-01
2.019435702719710735e-01
2.033324208392804922e-01
2.047212718724785718e-01
2.061101229068135199e-01
2.074989739413758416e-01
2.088878249743465476e-01
2.102766755416559663e-01
2.116655265746266723e-01
2.130543776078247520e-01
2.144432286407954580e-01
2.158320792083322504e-01
2.172209302426671984e-01
2.186097812770021465e-01
2.199986323099728525e-01
2.213874828775096448e-01
2.227763339104803508e-01
2.241651849436784305e-01
2.255540359766491365e-01
2.269428865446406762e-01
2.283317375782935033e-01
2.297205886121737040e-01
-2.294609721370158839e-01
-2.280721220353677525e-01
-2.266832714680583338e-01
-2.252944213661828288e-01
-2.239055712645346974e-01
-2.225167211628865660e-01
-2.211278710598741926e-01
-2.197390209566344454e-01
-2.183501708549863141e-01
-2.169613202874495217e-01
-2.155724701858013903e-01
-2.141836200841532589e-01
-2.127947699825051275e-01
-2.114059198799475014e-01
-2.100170697769351280e-01
-2.086282196743775019e-01
-2.072393695727293705e-01
-2.058505190054199518e-01
-2.044616689037718205e-01
-2.030728188018963154e-01
-2.016839686995660630e-01
-2.002951185970084369e-01
-1.989062684946781845e-01
-1.975174183923479321e-01
-1.961285682906998007e-01
-1.947397181888242956e-01
-1.933508676215148769e-01
-1.919620175191846245e-01
-1.905731674166269984e-01
-1.891843173149788671e-01
-1.877954672133307357e-01
-1.864066171107731096e-01
-1.850177670084428572e-01
-1.836289169065673521e-01
-1.822400668049192207e-01
-1.808512167025889683e-01
-1.794623666002587159e-01
-1.780735164983832108e-01
-1.766846659310737921e-01
-1.752958158287435397e-01
-1.739069657261859136e-01
-1.725181156245377823e-01
-1.711292655219801562e-01
-1.697404154196499038e-01
-1.683515653180017724e-01
-1.669627152163536410e-01
-1.655738651144781359e-01
-1.641850150121478835e-01
-1.627961649098176311e-01
-1.614073148072600050e-01
-1.600184647049297526e-01
-1.586296146032816212e-01
-1.572407645014061162e-01
-1.558519143997579848e-01
-1.544630642981098534e-01
-1.530742141955522273e-01
-1.516853640925398539e-01
-1.502965139902096015e-01
-1.489076634226728091e-01
-1.475188133210246777e-01
-1.461299632193765463e-01
-1.447411131177284149e-01
-1.433522630158529099e-01
-1.419634129135226575e-01
-1.405745628105102840e-01
-1.391857127079526579e-01
-1.377968626063045265e-01
-1.364080125046563952e-01
-1.350191624027808901e-01
-1.336303123011327587e-01
-1.322414621988025063e-01
-1.308526120962448802e-01
-1.294637619939146278e-01
-1.280749118915843754e-01
-1.266860617897088703e-01
-1.252972116880607389e-01
-1.239083615861852339e-01
-1.225195114845371025e-01
-1.211306613822068501e-01
-1.197418112798765977e-01
-1.183529611773189716e-01
-1.169641110749887192e-01
-1.155752609731132141e-01
1.163626944322152523e-01
1.177515440688842174e-01
1.191403941705323488e-01
1.205292442724078539e-01
1.219180939090768190e-01
1.233069440116344451e-01
1.246957941132825765e-01
1.260846442156128289e-01
1.274734938522817940e-01
1.288623439541572990e-01
1.302511940558054304e-01
1.316400441576809355e-01
1.330288937943499006e-01
1.344177438966801530e-01
1.358065939992377791e-01
1.371954436359067442e-01
1.385842937375548756e-01
1.399731438394303806e-01
1.413619939410785120e-01
1.427508435770653561e-01
1.441396936787134875e-01
1.455285437817258609e-01
1.469173934193043207e-01
1.483062435209524521e-01
1.496950936228279572e-01
1.510839437244760886e-01
1.524727933604629326e-01
1.538616434621110640e-01
1.552504935646686901e-01
1.566393432020197762e-01
1.580281933045774023e-01
1.594170434062255337e-01
1.608058930422123778e-01
1.621947431438605092e-01
1.635835932457360142e-01
1.649724433480662666e-01
1.663612929849626054e-01
1.677501430872928578e-01
1.691389931896231102e-01
1.705278428256099543e-01
1.719166929274854594e-01
1.733055430291335908e-01
1.746943926658025559e-01
1.760832427683601820e-01
1.774720928700083133e-01
1.788609425069046521e-01
1.802497926092349045e-01
1.816386427108830359e-01
1.830274923470972537e-01
1.844163424494275061e-01
1.858051925517577585e-01
1.871940426534058899e-01
1.885828922896201076e-01
1.899717423912682390e-01
1.913605924935984914e-01
1.927494421304948302e-01
1.941382922328250826e-01
1.955271423351553350e-01
1.969159919713695528e-01
1.983048420730176842e-01
1.996936921748931892e-01
2.010825418108800333e-01
2.024713919132102857e-01
2.038602420164500328e-01
2.052490916531189979e-01
2.066379417547671293e-01
2.080267918564152607e-01
2.094156414926294785e-01
2.108044915942776099e-01
2.121933416959257412e-01
2.135821913332768274e-01
2.149710414365165745e-01
2.163598915381647059e-01
2.177487411743789236e-01
2.191375912760270550e-01
2.205264413776751864e-01
2.219152910136620305e-01
2.233041411162196566e-01
2.246929912192320300e-01
2.260818408561283688e-01
2.274706909577765002e-01
2.288595410594246315e-01
2.302483906954114756e-01
