1.765304411572524486e+03
1.765305800467329846e+03
1.765307189361669316e+03
1.765308578256008786e+03
1.765309967150348257e+03
1.765311356044688637e+03
1.765312744939028789e+03
1.765314133833834148e+03
1.765315522728173619e+03
1.765316911622513089e+03
1.765318300516852560e+03
1.765319689411192257e+03
1.765321078305531728e+03
1.765322467199871880e+03
1.765323856094212260e+03
1.765325244988551731e+03
1.765326633882891201e+03
1.765328022776765010e+03
1.765329411671104708e+03
1.765330800565444179e+03
1.765332189459783876e+03
1.765333578354123347e+03
1.765334967248463499e+03
1.765336356142803652e+03
1.765337745036677688e+03
1.765339133931017159e+03
1.765340522825356857e+03
1.765341911719696327e+03
1.765343300613570136e+03
1.765344689507909607e+03
1.765346078402249987e+03
1.765347467296124478e+03
1.765348856190464176e+03
1.765350245084803646e+03
1.765351633978677455e+03
1.765353022873016926e+03
1.765354411766890735e+03
1.765355800661231115e+03
1.765357189555106288e+03
1.765358578449446668e+03
1.765359967343320477e+03
1.765361356237659948e+03
1.765362745131533757e+03
1.765364134025873454e+03
1.765365522919747264e+03
1.765366911814086961e+03
1.765369689602301605e+03
1.765371078496175414e+03
1.765372467390049451e+03
1.765373856284388921e+03
1.765375245178262958e+03
1.765376634072136767e+03
1.765378022966010576e+03
1.765379411860350046e+03
1.765380800754224765e+03
1.765382189648099256e+03
1.765383578541973293e+03
1.765384967435847102e+03
1.765386356330186572e+03
1.765387745224060382e+03
1.765389134117934191e+03
1.765390523011808227e+03
1.765391911905682718e+03
1.765393300799557437e+03
1.765394689693431246e+03
1.765396078587305055e+03
1.765397467481178865e+03
1.765398856375052901e+03
1.765400245268926710e+03
1.765401634162800747e+03
1.765403023056675238e+03
1.765405800844423538e+03
1.765407189738297575e+03
1.765408578632171384e+03
1.765409967526045421e+03
1.765411356419919230e+03
1.765412745313793039e+03
1.765414134207202096e+03
1.765416911994950397e+03
1.765418300888824206e+03
1.765650246045653148e+03
1.765651634938129973e+03
1.765653023830607026e+03
1.765655801615561359e+03
1.765657190508504755e+03
1.765658579400981580e+03
1.765661357185935458e+03
1.765662746078412283e+03
1.765664134970889791e+03
1.765665523863367525e+03
1.765666912755845033e+03
1.765668301648322540e+03
1.765672468325753471e+03
1.765673857218230296e+03
1.765675246110707121e+03
1.765676635003183947e+03
1.765678023895661681e+03
1.765679412788139189e+03
1.765682190573093067e+03
1.765683579465569892e+03
1.765684968358046717e+03
1.765686357250523542e+03
1.765687746142534934e+03
1.765689135035012441e+03
1.765690523927490176e+03
1.765691912819967001e+03
1.765693301712443827e+03
1.765694690604454991e+03
1.765696079496932043e+03
1.765697468389408868e+03
1.765698857281885921e+03
1.765700246173897085e+03
1.765701635066374592e+03
1.765703023958852100e+03
1.765704412851329153e+03
1.765705801743340317e+03
1.765707190635817369e+03
1.765708579528294194e+03
1.765709968420305358e+03
1.765711357312782184e+03
1.765712746204794257e+03
1.765714135097271765e+03
1.765715523989748590e+03
1.765716912881759981e+03
1.765718301774236807e+03
1.765719690666247971e+03
1.765721079558724796e+03
1.765722468450736187e+03
1.765723857343213695e+03
1.765725246235225768e+03
1.765728024019713757e+03
1.765729412912190583e+03
1.765730801804201974e+03
1.765732190696213138e+03
1.765734968480701809e+03
1.765736357373179544e+03
1.765737746265191618e+03
1.765739135157203464e+03
1.765740524049680289e+03
1.765741912941691453e+03
1.765743301833702844e+03
1.765747468510202907e+03
1.765748857402214753e+03
1.765750246294691578e+03
1.765751635186702970e+03
1.765753024078714134e+03
1.765754412970725298e+03
1.765755801863202123e+03
1.765757190755213514e+03
1.765758579647225361e+03
1.765759968539237434e+03
1.765761357431248598e+03
1.765762746323259762e+03
1.765764135215736587e+03
1.766521080604801682e+03
1.766522469494484540e+03
1.766523858383701736e+03
1.766525247272919842e+03
1.766526636162137720e+03
1.766528025051354916e+03
1.766529413941038001e+03
1.766530802830255197e+03
1.766532191719472394e+03
1.766533580608689590e+03
1.766534969497907014e+03
1.766536358387590553e+03
1.766537747276808659e+03
1.766539136166025855e+03
1.766540525055243052e+03
1.766541913944460248e+03
1.766543302833677672e+03
1.766544691722894868e+03
1.766546080612577725e+03
1.766547469501795149e+03
1.766548858391013027e+03
1.766550247280230906e+03
1.766551636169448102e+03
1.766553025058665526e+03
1.766554413947882722e+03
1.766555802837100146e+03
1.766557191726317342e+03
1.766558580615534538e+03
1.766559969504752644e+03
1.766561358393970522e+03
1.766562747283187718e+03
1.766564136172405142e+03
1.766565525061622338e+03
1.766566913950839535e+03
1.766568302840056731e+03
1.766569691729274837e+03
1.766571080618493397e+03
1.766572469507711503e+03
1.766573858396928699e+03
1.766575247286145895e+03
1.766576636175363092e+03
1.766578025064114854e+03
1.766579413953332050e+03
1.766580802842549247e+03
1.766582191731767125e+03
1.766583580620985231e+03
1.766584969510202427e+03
1.766586358399419623e+03
1.766587747288637047e+03
1.766589136177388582e+03
1.766590525066606006e+03
1.766591913955823202e+03
1.766593302845040398e+03
1.766594691734258504e+03
1.766596080623010721e+03
1.766597469512227917e+03
1.766598858401445341e+03
1.766600247290662537e+03
1.766601636179414072e+03
1.766603025068631268e+03
1.766604413957848692e+03
1.766605802847066570e+03
1.766607191735819015e+03
1.766608580625036211e+03
1.766609969514253407e+03
1.766611358403004942e+03
1.766612747292222139e+03
1.766614136181439562e+03
1.766615525070191097e+03
1.766616913959408976e+03
1.766618302848627081e+03
1.766619691737378616e+03
1.766621080626595813e+03
1.766622469515347575e+03
1.766623858404564771e+03
1.766625247293782195e+03
1.766626636182533730e+03
1.766628025071752290e+03
1.766629413960505190e+03
1.766630802849722613e+03
1.766632191738939810e+03
1.766633580627691572e+03
1.766634969516908768e+03
1.766866913923558741e+03
1.766868302811845297e+03
1.766869691700132080e+03
1.766871080588417954e+03
1.766872469476703827e+03
1.766873858364989701e+03
1.766875247253275802e+03
1.766876636141561676e+03
1.766878025029847777e+03
1.766879413918133650e+03
1.766880802806420206e+03
1.766882191694706762e+03
1.766883580582992863e+03
1.766884969471278737e+03
1.766886358359564611e+03
1.766887747247850712e+03
1.766889136136136585e+03
1.766890525024422459e+03
1.766891913912709242e+03
1.766893302800995798e+03
1.766894691689281672e+03
1.766896080577567773e+03
1.766897469465853646e+03
1.766898858354139520e+03
1.766900247242425394e+03
1.766901636130711495e+03
1.766903025018998733e+03
1.766904413907286198e+03
1.766905802795572072e+03
1.766907191683392284e+03
1.766908580571678158e+03
1.766909969459964259e+03
1.766911358348250133e+03
1.766912747236536006e+03
1.766914136124822562e+03
1.766915525012643684e+03
1.766916913900929558e+03
1.766918302789215431e+03
1.766919691677501532e+03
1.766921080565787406e+03
1.766922469453607846e+03
1.766923858341893720e+03
1.766925247230179593e+03
1.766926636118466377e+03
1.766928025006287271e+03
1.766929413894573145e+03
1.766930802782859246e+03
1.766932191671145119e+03
1.766933580558965332e+03
1.766934969447251206e+03
1.766936358335537307e+03
1.766937747223358201e+03
1.766939136111644984e+03
1.766940524999930858e+03
1.766941913888216732e+03
1.766943302776036944e+03
1.766944691664322818e+03
1.766946080552143258e+03
1.766947469440429131e+03
1.766948858328715687e+03
1.766950247216536809e+03
1.766951636104822683e+03
1.766953024993108556e+03
1.766954413880928996e+03
1.766955802769214870e+03
1.766957191657035764e+03
1.766958580545322548e+03
1.766959969433143442e+03
1.766961358321429998e+03
1.766962747209716099e+03
1.766964136097536311e+03
1.766965524985822412e+03
1.766966913873642625e+03
1.766968302761928499e+03
1.766969691649748711e+03
1.766971080538034812e+03
1.766972469425855707e+03
1.766973858314142490e+03
1.766975247201962702e+03
1.766976636090248576e+03
1.766978024978068788e+03
1.766979413865889001e+03
1.766980802754175102e+03
1.767739135085999351e+03
1.767740523971957600e+03
1.767741912857915395e+03
1.767743301744338623e+03
1.767744690630296191e+03
1.767746079516253758e+03
1.767747468402677214e+03
1.767748857288634781e+03
1.767750246174593030e+03
1.767751635061017168e+03
1.767753023946974736e+03
1.767754412832932303e+03
1.767755801718889870e+03
1.767757190605313326e+03
1.767758579491270893e+03
1.767759968377228688e+03
1.767761357263186255e+03
1.767762746149610166e+03
1.767764135035568415e+03
1.767765523921526210e+03
1.767766912807483777e+03
1.767768301693907233e+03
1.767769690579864800e+03
1.767771079465822368e+03
1.767772468351779935e+03
1.767773857237738412e+03
1.767775246124162322e+03
1.767776635010120117e+03
1.767778023896077684e+03
1.767779412782035251e+03
1.767780801667993501e+03
1.767782190554417411e+03
1.767783579440375206e+03
1.767784968326333455e+03
1.767786357212291932e+03
1.767787746098249499e+03
1.767789134984207067e+03
1.767790523870164634e+03
1.767791912756122429e+03
1.767793301642079996e+03
1.767794690528503452e+03
1.767796079414461701e+03
1.767797468300419951e+03
1.767798857186377518e+03
1.767800246072335312e+03
1.767801634958292880e+03
1.767803023844250674e+03
1.767804412730208242e+03
1.767805801616165809e+03
1.767807190502124286e+03
1.767808579388082535e+03
1.767809968274040102e+03
1.767811357159997669e+03
1.767812746045955464e+03
1.767814134931913031e+03
1.767815523817870599e+03
1.767816912703828166e+03
1.767818301589785960e+03
1.767819690475744210e+03
1.767821079361702687e+03
1.767822468247660254e+03
1.767823857133617821e+03
1.767825246019575388e+03
1.767826634905533865e+03
1.767828023791492114e+03
1.767829412677449909e+03
1.767830801563408158e+03
1.767832190448900747e+03
1.767833579334858314e+03
1.767834968220816108e+03
1.767836357106773676e+03
1.767837745992731470e+03
1.767839134878689038e+03
1.767840523764646605e+03
1.767841912650605082e+03
1.767843301536097670e+03
1.767844690422055237e+03
1.767846079308012804e+03
1.767847468193970599e+03
1.767848857079928166e+03
1.767850245965885733e+03
1.767851634851377639e+03
1.767853023737336116e+03
1.768084967632226380e+03
1.768086356517719196e+03
1.768087745403211784e+03
1.768089134288238029e+03
1.768090523173730162e+03
1.768091912059222068e+03
1.768093300944248313e+03
1.768094689829741128e+03
1.768096078714768055e+03
1.768097467600259961e+03
1.768098856485751867e+03
1.768100245370778339e+03
1.768101634256270245e+03
1.768103023141296489e+03
1.768104412026788395e+03
1.768105800912281211e+03
1.768107189797308138e+03
1.768108578682800271e+03
1.768109967567826516e+03
1.768111356453318422e+03
1.768112745338344666e+03
1.768114134223836800e+03
1.768115523108863044e+03
1.768116911994355632e+03
1.768118300879382787e+03
1.768119689764874693e+03
1.768121078649900937e+03
1.768122467535393071e+03
1.768123856420419315e+03
1.768125245305911221e+03
1.768126634190937693e+03
1.768128023076430281e+03
1.768129411961458118e+03
1.768130800846950706e+03
1.768132189731976950e+03
1.768133578617468856e+03
1.768134967502495329e+03
1.768136356387521573e+03
1.768137745273013479e+03
1.768139134158039724e+03
1.768140523043532539e+03
1.768141911928559466e+03
1.768143300813585938e+03
1.768144689699077844e+03
1.768146078584104089e+03
1.768147467469595995e+03
1.768148856354622467e+03
1.768150245239648712e+03
1.768151634125141300e+03
1.768153023010168454e+03
1.768154411895194698e+03
1.768155800780686604e+03
1.768157189665712849e+03
1.768158578550739321e+03
1.768159967436231227e+03
1.768161356321257699e+03
1.768162745206284626e+03
1.768164134091311553e+03
1.768166911861829931e+03
1.768168300746856175e+03
1.768169689632348309e+03
1.768171078517375236e+03
1.768172467402402162e+03
1.768173856287429317e+03
1.768175245172921905e+03
1.768176634057948149e+03
1.768178022942974621e+03
1.768179411828000866e+03
1.768180800713027111e+03
1.768182189598519017e+03
1.768183578483545489e+03
1.768184967368571733e+03
1.768186356253598660e+03
1.768187745138625814e+03
1.768189134024117720e+03
1.768190522909143965e+03
1.768191911794170210e+03
1.768193300679196682e+03
1.768194689564222926e+03
1.768196078449249399e+03
1.768197467334276325e+03
1.768198856219768913e+03
1.768957187029351189e+03
1.768958575912980450e+03
1.768959964796144277e+03
1.768961353679773538e+03
1.768962742563403026e+03
1.768964131446567308e+03
1.768965520330197251e+03
1.768966909213826511e+03
1.768968298096990338e+03
1.768969686980619599e+03
1.768971075863783426e+03
1.768972464747412687e+03
1.768973853631041948e+03
1.768975242514206457e+03
1.768976631397836400e+03
1.768978020280999999e+03
1.768979409164629487e+03
1.768980798047793087e+03
1.768982186931422348e+03
1.768983575815051609e+03
1.768984964698215208e+03
1.768986353581844696e+03
1.768987742465008978e+03
1.768989131348639148e+03
1.768990520231803430e+03
1.768991909115433373e+03
1.768993297998596972e+03
1.768994686882226461e+03
1.768996075765390060e+03
1.768997464649019548e+03
1.768998853532183830e+03
1.769000242415813773e+03
1.769001631298977372e+03
1.769003020182606861e+03
1.769004409065770460e+03
1.769005797948934287e+03
1.769007186832563548e+03
1.769008575715727147e+03
1.769009964599357318e+03
1.769011353482521599e+03
1.769012742366150860e+03
1.769014131249314687e+03
1.769015520132478287e+03
1.769016909016107547e+03
1.769018297899271147e+03
1.769019686782900408e+03
1.769021075666064917e+03
1.769022464549229198e+03
1.769023853432858687e+03
1.769025242316022286e+03
1.769026631199185886e+03
1.769028020082816056e+03
1.769029408965980338e+03
1.769030797849143937e+03
1.769032186732773425e+03
1.769033575615937707e+03
1.769034964499101989e+03
1.769036353382731249e+03
1.769037742265895076e+03
1.769039131149058676e+03
1.769040520032688164e+03
1.769041908915851764e+03
1.769043297799015363e+03
1.769044686682645533e+03
1.769046075565809815e+03
1.769047464448973415e+03
1.769048853332137242e+03
1.769050242215766502e+03
1.769051631098930102e+03
1.769053019982093701e+03
1.769055797748887471e+03
1.769057186632051753e+03
1.769058575515215580e+03
1.769059964398379179e+03
1.769061353281542779e+03
1.769062742165172040e+03
1.769064131048336549e+03
1.769065519931500830e+03
1.769066908814665112e+03
1.769068297697829621e+03
1.769069686580993221e+03
1.769071075464622481e+03
1.769303018925982997e+03
1.769304407808680935e+03
1.769305796691844535e+03
1.769307185574543382e+03
1.769308574457242003e+03
1.769309963339939941e+03
1.769311352222638106e+03
1.769312741105336727e+03
1.769314129988035347e+03
1.769315518870733285e+03
1.769316907753897112e+03
1.769318296636595051e+03
1.769319685519293671e+03
1.769321074401992519e+03
1.769322463284690457e+03
1.769323852167388395e+03
1.769325241050086561e+03
1.769326629932784499e+03
1.769328018815482665e+03
1.769329407698180603e+03
1.769330796580879223e+03
1.769332185463577844e+03
1.769333574346276009e+03
1.769334963228973947e+03
1.769336352111672113e+03
1.769337740994370051e+03
1.769339129877067990e+03
1.769340518759765928e+03
1.769341907642464776e+03
1.769343296525163396e+03
1.769344685407861334e+03
1.769346074290559500e+03
1.769347463173258120e+03
1.769348852055956741e+03
1.769350240938654679e+03
1.769351629821352844e+03
1.769353018704051465e+03
1.769354407586750312e+03
1.769355796469448251e+03
1.769357185352146189e+03
1.769358574234844127e+03
1.769359963117542293e+03
1.769361352000240231e+03
1.769362740882938397e+03
1.769364129765170674e+03
1.769365518647869294e+03
1.769366907530567914e+03
1.769368296413266080e+03
1.769369685295964018e+03
1.769371074178662184e+03
1.769372463061360122e+03
1.769373851944058060e+03
1.769375240826290337e+03
1.769376629708989185e+03
1.769378018591687805e+03
1.769379407474385744e+03
1.769380796357083909e+03
1.769382185239782530e+03
1.769383574122015489e+03
1.769384963004713427e+03
1.769386351887411593e+03
1.769387740770110213e+03
1.769389129652809061e+03
1.769391907417739276e+03
1.769393296300437214e+03
1.769394685183135380e+03
1.769396074065367657e+03
1.769397462948065822e+03
1.769398851830764443e+03
1.769400240713463063e+03
1.769401629595695340e+03
1.769403018478393506e+03
1.769404407361091444e+03
1.769405796243789609e+03
1.769407185126021886e+03
1.769408574008719825e+03
1.769409962891417763e+03
1.769412740656349570e+03
1.769414129539047508e+03
1.769415518421745674e+03
1.769416907303978633e+03
1.770173847890694560e+03
1.770175236771529853e+03
1.770176625652830808e+03
1.770178014533667010e+03
1.770179403414968647e+03
1.770180792296269829e+03
1.770182181177105122e+03
1.770183570058406076e+03
1.770184958939241369e+03
1.770186347820542551e+03
1.770187736701377844e+03
1.770189125582679480e+03
1.770190514463515683e+03
1.770191903344350976e+03
1.770193292225651930e+03
1.770194681106487451e+03
1.770196069987788405e+03
1.770197458868623698e+03
1.770198847749924880e+03
1.770200236630760855e+03
1.770201625512063401e+03
1.770203014392899377e+03
1.770204403274200331e+03
1.770205792155035624e+03
1.770207181035871145e+03
1.770208569917172099e+03
1.770209958798007392e+03
1.770211347679308346e+03
1.770212736560144549e+03
1.770214125440980524e+03
1.770215514322281706e+03
1.770216903203116999e+03
1.770218292083952292e+03
1.770219680965253247e+03
1.770221069846088767e+03
1.770222458727389721e+03
1.770223847608225697e+03
1.770225236489061899e+03
1.770226625370362854e+03
1.770228014251198147e+03
1.770229403132033667e+03
1.770230792013335304e+03
1.770232180894171506e+03
1.770233569775006799e+03
1.770234958655842775e+03
1.770236347537144411e+03
1.770237736417979932e+03
1.770239125298815225e+03
1.770240514180116179e+03
1.770241903060951699e+03
1.770243291941786993e+03
1.770244680822622286e+03
1.770246069703923240e+03
1.770247458584759443e+03
1.770248847465595418e+03
1.770250236346430938e+03
1.770251625227731893e+03
1.770253014108567186e+03
1.770254402989402479e+03
1.770257180751073292e+03
1.770258569632374929e+03
1.770259958513211132e+03
1.770261347394047107e+03
1.770262736274883082e+03
1.770264125155718602e+03
1.770265514037019557e+03
1.770266902917855077e+03
1.770268291798690370e+03
1.770269680679526346e+03
1.770272458441197614e+03
1.770275236203334089e+03
1.770276625084169609e+03
1.770278013965004902e+03
1.770279402845840195e+03
1.770280791726676398e+03
1.770282180607512373e+03
1.770283569488347666e+03
1.770284958369648848e+03
1.770286347250484141e+03
1.770287736131319434e+03
1.770519679201992858e+03
1.770521068082363172e+03
1.770522456962733486e+03
1.770523845843103118e+03
1.770525234723472977e+03
1.770526623603842609e+03
1.770528012484678129e+03
1.770529401365047761e+03
1.770530790245417393e+03
1.770532179125787025e+03
1.770533568006158021e+03
1.770534956886529244e+03
1.770536345766899103e+03
1.770537734647268735e+03
1.770539123528104028e+03
1.770540512408473660e+03
1.770541901288843292e+03
1.770543290169213151e+03
1.770544679049583465e+03
1.770546067929954006e+03
1.770547456810323638e+03
1.770548845690693270e+03
1.770550234571062902e+03
1.770551623451432761e+03
1.770553012331802393e+03
1.770554401212172252e+03
1.770555790092542566e+03
1.770557178972912880e+03
1.770558567853282511e+03
1.770559956733652371e+03
1.770561345614022002e+03
1.770562734494391862e+03
1.770564123374762175e+03
1.770565512255132489e+03
1.770566901135503031e+03
1.770568290015873345e+03
1.770569678896242976e+03
1.770571067776612836e+03
1.770572456656982467e+03
1.770573845537352099e+03
1.770575234417721731e+03
1.770576623298091363e+03
1.770578012178461222e+03
1.770579401058831536e+03
1.770580789939202077e+03
1.770582178819571709e+03
1.770583567699941341e+03
1.770584956580310973e+03
1.770586345460680832e+03
1.770587734341050464e+03
1.770589123220954662e+03
1.770590512101324975e+03
1.770591900981695289e+03
1.770593289862065831e+03
1.770594678742436145e+03
1.770596067622805776e+03
1.770597456503175636e+03
1.770598845383545267e+03
1.770600234263449238e+03
1.770601623143819779e+03
1.770603012024190093e+03
1.770604400904559725e+03
1.770605789784929357e+03
1.770607178665299216e+03
1.770608567545668848e+03
1.770609956425572818e+03
1.770611345305942450e+03
1.770612734186312991e+03
1.770614123066683305e+03
1.770615511947053164e+03
1.770616900826957135e+03
1.770618289707326767e+03
1.770619678587696399e+03
1.770621067468066258e+03
1.770622456347970910e+03
1.770623845228341452e+03
1.770625234108711766e+03
1.770626622989082080e+03
1.770628011869451711e+03
1.770629400749355909e+03
1.770630789629725541e+03
1.770632178510095400e+03
1.770633567389999371e+03
1.771391895635195397e+03
1.771393284514168727e+03
1.771394673393141375e+03
1.771396062271648361e+03
1.771397451150621237e+03
1.771398840029593885e+03
1.771400228908566532e+03
1.771401617787539180e+03
1.771403006666512738e+03
1.771404395545020407e+03
1.771405784423993282e+03
1.771407173302965930e+03
1.771408562181939260e+03
1.771409951060912590e+03
1.771411339939419804e+03
1.771412728818392452e+03
1.771414117697365782e+03
1.771415506576339340e+03
1.771416895455311987e+03
1.771418284333818974e+03
1.771419673212791849e+03
1.771421062091764497e+03
1.771422450970737145e+03
1.771423839849244359e+03
1.771425228728217007e+03
1.771426617607190337e+03
1.771428006486163667e+03
1.771429395364670881e+03
1.771430784243643529e+03
1.771432173122616405e+03
1.771433562001123391e+03
1.771434950880096039e+03
1.771436339759069597e+03
1.771437728638043609e+03
1.771439117516551278e+03
1.771440506395524153e+03
1.771441895274496801e+03
1.771443284153003788e+03
1.771444673031976436e+03
1.771446061910949311e+03
1.771447450789456298e+03
1.771448839668429628e+03
1.771450228547403185e+03
1.771451617425910172e+03
1.771453006304882820e+03
1.771454395183855695e+03
1.771455784062362682e+03
1.771457172941335330e+03
1.771458561819842544e+03
1.771459950698815874e+03
1.771461339577789204e+03
1.771462728456297100e+03
1.771464117335270430e+03
1.771465506214243078e+03
1.771466895092750292e+03
1.771468283971722940e+03
1.771469672850229927e+03
1.771471061729202574e+03
1.771472450607710471e+03
1.771473839486683801e+03
1.771475228365656676e+03
1.771476617244163663e+03
1.771478006123136311e+03
1.771479395001643297e+03
1.771480783880616173e+03
1.771482172759123159e+03
1.771483561638096489e+03
1.771484950516604385e+03
1.771486339395577033e+03
1.771487728274084020e+03
1.771489117153057578e+03
1.771490506031565246e+03
1.771491894910538122e+03
1.771493283789045108e+03
1.771494672668018438e+03
1.771496061546526107e+03
1.771497450425498982e+03
1.771498839304005969e+03
1.771500228182978617e+03
1.771501617061485831e+03
1.771503005940458479e+03
1.771504394818965466e+03
1.771505783697939023e+03
1.771737726410986397e+03
1.771739115289493384e+03
1.771740504167534709e+03
1.771741893046041923e+03
1.771743281924548910e+03
1.771744670802590463e+03
1.771746059681097449e+03
1.771747448559139457e+03
1.771748837437647126e+03
1.771750226316154340e+03
1.771751615194196347e+03
1.771753004072704243e+03
1.771754392950745569e+03
1.771755781829252555e+03
1.771757170707293881e+03
1.771758559585801777e+03
1.771759948464309446e+03
1.771761337342350998e+03
1.771762726220857985e+03
1.771764115098899310e+03
1.771765503977406297e+03
1.771766892855447850e+03
1.771768281733954836e+03
1.771769670611996844e+03
1.771771059490504740e+03
1.771772448368546065e+03
1.771773837247053052e+03
1.771775226125094377e+03
1.771776615003601592e+03
1.771778003881643599e+03
1.771779392760151495e+03
1.771780781638193503e+03
1.771782170516701171e+03
1.771783559394742497e+03
1.771784948272784050e+03
1.771786337151291036e+03
1.771787726029332589e+03
1.771789114907839576e+03
1.771790503785880901e+03
1.771791892664387888e+03
1.771793281542430122e+03
1.771794670420937791e+03
1.771796059298979344e+03
1.771797448177020669e+03
1.771798837055527656e+03
1.771800225933568981e+03
1.771801614812076195e+03
1.771803003690118203e+03
1.771804392568160893e+03
1.771805781446668789e+03
1.771807170324710114e+03
1.771808559202751439e+03
1.771809948081258426e+03
1.771811336959299979e+03
1.771812725837806966e+03
1.771814114715848518e+03
1.771815503593890526e+03
1.771816892472398195e+03
1.771818281350439520e+03
1.771819670228481073e+03
1.771821059106988059e+03
1.771822447985029612e+03
1.771823836863070937e+03
1.771825225741577924e+03
1.771826614619620159e+03
1.771828003497662166e+03
1.771829392375704174e+03
1.771830781254212070e+03
1.771832170132253395e+03
1.771833559010294721e+03
1.771834947888801707e+03
1.771836336766843260e+03
1.771837725644885268e+03
1.771839114522927503e+03
1.771840503401434489e+03
1.771841892279475815e+03
1.771843281157517140e+03
1.771844670035558465e+03
1.771846058914065679e+03
1.771847447792107005e+03
1.771848836670148557e+03
1.771850225548190565e+03
1.771851614426698234e+03
1.772608552688843474e+03
1.772609941565953477e+03
1.772611330443063707e+03
1.772612719319708049e+03
1.772614108196818052e+03
1.772615497073928054e+03
1.772616885950573305e+03
1.772618274827684672e+03
1.772619663704795585e+03
1.772621052581439926e+03
1.772622441458549929e+03
1.772623830335659932e+03
1.772625219212304273e+03
1.772626608089414503e+03
1.772627996966059527e+03
1.772629385843170439e+03
1.772630774720280442e+03
1.772632163596924784e+03
1.772633552474034786e+03
1.772634941351145017e+03
1.772636330227789358e+03
1.772637719104899588e+03
1.772639107981543930e+03
1.772640496858654615e+03
1.772641885735766209e+03
1.772643274612411233e+03
1.772644663489521236e+03
1.772646052366165804e+03
1.772647441243275807e+03
1.772648830119920149e+03
1.772650218997030152e+03
1.772651607874141064e+03
1.772652996750786087e+03
1.772654385627896318e+03
1.772655774504540659e+03
1.772657163381650662e+03
1.772658552258295003e+03
1.772659941135405006e+03
1.772661330012049575e+03
1.772662718889160260e+03
1.772664107765805511e+03
1.772665496642916196e+03
1.772666885519561220e+03
1.772668274396671222e+03
1.772669663273315791e+03
1.772671052150425794e+03
1.772672441027070363e+03
1.772673829904181048e+03
1.772675218780826071e+03
1.772676607657936074e+03
1.772677996534580643e+03
1.772679385411690646e+03
1.772680774288335215e+03
1.772682163165445218e+03
1.772683552042089559e+03
1.772684940919199562e+03
1.772686329795844813e+03
1.772687718672955498e+03
1.772689107549600521e+03
1.772690496426245772e+03
1.772691885303355775e+03
1.772693274180000117e+03
1.772694663057110120e+03
1.772696051933754688e+03
1.772697440810865373e+03
1.772698829687510624e+03
1.772700218564154966e+03
1.772701607441264969e+03
1.772702996317909310e+03
1.772704385195019540e+03
1.772705774071663882e+03
1.772707162948308451e+03
1.772708551825419136e+03
1.772709940702064159e+03
1.772711329578708501e+03
1.772712718455819413e+03
1.772714107332464437e+03
1.772715496209574667e+03
1.772716885086219008e+03
1.772718273962863350e+03
1.772719662839974262e+03
1.772721051716619286e+03
1.772722440593263627e+03
1.777825173099436597e+03
1.777826561971890669e+03
1.777827950844344741e+03
1.777829339716798358e+03
1.777830728588786769e+03
1.777832117461241069e+03
1.777833506333694459e+03
1.777834895205682187e+03
1.777836284078135577e+03
1.777837672950123533e+03
1.777839061822577605e+03
1.777840450694566243e+03
1.777841839567019633e+03
1.777843228439007362e+03
1.777844617311460752e+03
1.777846006183449390e+03
1.777847395055903462e+03
1.777848783927891418e+03
1.777850172799879829e+03
1.777851561672333901e+03
1.777852950544321629e+03
1.777854339416309585e+03
1.777855728288297314e+03
1.777857117160750931e+03
1.777858506032738660e+03
1.777859894904726389e+03
1.777861283776715482e+03
1.777862672648704802e+03
1.777864061520692530e+03
1.777865450392680486e+03
1.777866839264668215e+03
1.777868228136655944e+03
1.777869617008643672e+03
1.777871005880631401e+03
1.777872394752620039e+03
1.777873783624608450e+03
1.777875172496596406e+03
1.777876561368584134e+03
1.777877950240572545e+03
1.777879339112095295e+03
1.777880727984083251e+03
1.777882116856070979e+03
1.777883505728058935e+03
1.777884894599581685e+03
1.777886283471570096e+03
1.777887672343557824e+03
1.777889061215080119e+03
1.777890450087067848e+03
1.777891838958590142e+03
1.777893227830578553e+03
1.777894616702566964e+03
1.777896005574089941e+03
1.777897394445612690e+03
1.777898783317600419e+03
1.777900172189122713e+03
1.777901561061110442e+03
1.777902949932632509e+03
1.777904338804154577e+03
1.777905727676142305e+03
1.777907116547665282e+03
1.777908505419188714e+03
1.777909894291177352e+03
1.777911283162699419e+03
1.777912672034221487e+03
1.777914060905743554e+03
1.777915449777265849e+03
1.777916838649253577e+03
1.777918227520776327e+03
1.777921005263821371e+03
1.777925171878388483e+03
1.777926560749911459e+03
1.777927949621433527e+03
1.777929338492956276e+03
1.777930727364479026e+03
1.777934893978580021e+03
1.777937671721624156e+03
1.777939060592680562e+03
1.778695994218728174e+03
1.778697383086060199e+03
1.778698771952926336e+03
1.778700160820257452e+03
1.778701549687123133e+03
1.778702938554454249e+03
1.778704327421319704e+03
1.778705716288651729e+03
1.778707105155517866e+03
1.778708494022849663e+03
1.778709882889716027e+03
1.778711271756581482e+03
1.778712660623912598e+03
1.778714049490778052e+03
1.778715438358109395e+03
1.778716827224974850e+03
1.778718216091840532e+03
1.778719604959172329e+03
1.778720993826039148e+03
1.778722382692905285e+03
1.778723771560236628e+03
1.778725160427102082e+03
1.778726549293967537e+03
1.778727938161298880e+03
1.778729327028164334e+03
1.778730715895029789e+03
1.778732104761896153e+03
1.778733493628762290e+03
1.778734882496093405e+03
1.778736271362959542e+03
1.778737660229825906e+03
1.778739049096691360e+03
1.778740437963556815e+03
1.778741826830888158e+03
1.778743215697754295e+03
1.778744604564620658e+03
1.778745993431486113e+03
1.778747382298351567e+03
1.778748771165217022e+03
1.778750160032082704e+03
1.778751548898948840e+03
1.778752937765815204e+03
1.778754326632681341e+03
1.778755715499547478e+03
1.778757104366412932e+03
1.778758493233278614e+03
1.778759882100144068e+03
1.778761270967009750e+03
1.778762659833875205e+03
1.778764048700740659e+03
1.778765437567607478e+03
1.778766826434474524e+03
1.778768215301339978e+03
1.778769604168205660e+03
1.778770993035071115e+03
1.778772381901936569e+03
1.778773770768802024e+03
1.778775159635667478e+03
1.778776548502067499e+03
1.778777937368933635e+03
1.778779326235799999e+03
1.778780715102666136e+03
1.778782103969532272e+03
1.778783492835932066e+03
1.778784881702797747e+03
1.778786270569663202e+03
1.778787659436528884e+03
1.778789048303395020e+03
1.778790437169795496e+03
1.778791826036660950e+03
1.778793214903526632e+03
1.778794603769926425e+03
1.778795992636792562e+03
1.778797381503658926e+03
1.778798770370058719e+03
1.778800159236925083e+03
1.778801548103791220e+03
1.778802936970191013e+03
1.778804325837056695e+03
1.778805714703456488e+03
1.778807103570321942e+03
1.778808492437187397e+03
1.778809881303587190e+03
1.779041821962147424e+03
1.779043210828081783e+03
1.779044599694015915e+03
1.779045988559484613e+03
1.779047377425419427e+03
1.779048766291354241e+03
1.779050155156822711e+03
1.779051544022757753e+03
1.779052932888692567e+03
1.779054321754161265e+03
1.779055710620095397e+03
1.779057099485563867e+03
1.779058488351497999e+03
1.779059877217432359e+03
1.779061266082901511e+03
1.779062654948836553e+03
1.779064043814305705e+03
1.779065432680240519e+03
1.779066821545708990e+03
1.779068210411643349e+03
1.779069599277111820e+03
1.779070988143046179e+03
1.779072377008514650e+03
1.779073765874448782e+03
1.779075154739918162e+03
1.779076543605853658e+03
1.779077932471322811e+03
1.779079321337257170e+03
1.779080710202725641e+03
1.779082099068194111e+03
1.779083487934128243e+03
1.779084876799596714e+03
1.779086265665066094e+03
1.779087654531000908e+03
1.779089043396469606e+03
1.779090432262404420e+03
1.779091821127873573e+03
1.779093209993342043e+03
1.779094598859276402e+03
1.779095987724744873e+03
1.779097376590214026e+03
1.779098765455683406e+03
1.779100154321617538e+03
1.779101543187086008e+03
1.779102932052554706e+03
1.779104320918023177e+03
1.779105709783957991e+03
1.779107098649427371e+03
1.779108487514895842e+03
1.779109876380365222e+03
1.779111265245834375e+03
1.779112654111768506e+03
1.779114042977237204e+03
1.779115431842705675e+03
1.779116820708174146e+03
1.779118209573642616e+03
1.779119598439111996e+03
1.779120987304581831e+03
1.779122376170516873e+03
1.779123765035985343e+03
1.779125153901453814e+03
1.779126542766922284e+03
1.779127931632390755e+03
1.779129320497859453e+03
1.779130709363327924e+03
1.779132098228797076e+03
1.779133487094266457e+03
1.779134875959735609e+03
1.779137653690673460e+03
1.779139042556141931e+03
1.779140431421610629e+03
1.779141820287079099e+03
1.779143209152548252e+03
1.779144598018017405e+03
1.779145986883486103e+03
1.779147375748954573e+03
1.779148764614423726e+03
1.779150153479893106e+03
1.779152931210364386e+03
1.779154320075833084e+03
1.779155708941302237e+03
1.779914028811150274e+03
1.779915417674290438e+03
1.779916806537430602e+03
1.779918195400570767e+03
1.779919584263711840e+03
1.779920973126852687e+03
1.779922361989993533e+03
1.779923750853134607e+03
1.779925139716274771e+03
1.779926528579414935e+03
1.779927917442555326e+03
1.779929306305695491e+03
1.779930695168835655e+03
1.779932084031976046e+03
1.779933472895117575e+03
1.779934861758259103e+03
1.779936250621399495e+03
1.779937639484073998e+03
1.779939028347214162e+03
1.779940417210354553e+03
1.779941806073494718e+03
1.779943194936634882e+03
1.779944583799775955e+03
1.779945972662451140e+03
1.779947361525591987e+03
1.779948750388733060e+03
1.779950139251873225e+03
1.779951528115013389e+03
1.779952916977687892e+03
1.779954305840828283e+03
1.779955694703968447e+03
1.779957083567109294e+03
1.779958472430250367e+03
1.779959861292924870e+03
1.779961250156065944e+03
1.779962639019206790e+03
1.779964027882346954e+03
1.779965416745021685e+03
1.779966805608161849e+03
1.779968194471302695e+03
1.779969583333977880e+03
1.779970972197118272e+03
1.779972361060258436e+03
1.779973749922932939e+03
1.779975138786073785e+03
1.779976527649214859e+03
1.779977916511889362e+03
1.779979305375030435e+03
1.779980694238171282e+03
1.779983471963986176e+03
1.779984860826660679e+03
1.779986249689800843e+03
1.779987638552941007e+03
1.779989027415616420e+03
1.779990416278757948e+03
1.779991805141433360e+03
1.779993194004573525e+03
1.779994582867248027e+03
1.779995971730388192e+03
1.779997360593528583e+03
1.779998749456203086e+03
1.780000138319343478e+03
1.780001527182017981e+03
1.780002916045159509e+03
1.780004304907835376e+03
1.780005693770975768e+03
1.780007082633650271e+03
1.780008471496790662e+03
1.780009860359465165e+03
1.780011249222139668e+03
1.780012638085279832e+03
1.780014026947955244e+03
1.780015415811096091e+03
1.780016804673771276e+03
1.780018193536912349e+03
1.780019582399586852e+03
1.780020971262261355e+03
1.780022360125401747e+03
1.780023748988076250e+03
1.780025137851217096e+03
1.780026526713892508e+03
1.780027915576567011e+03
1.780259855621385668e+03
1.780261244483594510e+03
1.780262633345803351e+03
1.780264022208013102e+03
1.780265411070223308e+03
1.780266799932898721e+03
1.780268188795107562e+03
1.780269577657316404e+03
1.780270966519525246e+03
1.780272355381734315e+03
1.780273744243943156e+03
1.780275133106152225e+03
1.780276521968361067e+03
1.780277910830571273e+03
1.780279299692781478e+03
1.780280688554990547e+03
1.780282077417199389e+03
1.780283466279408458e+03
1.780284855141617300e+03
1.780286244003360480e+03
1.780287632865569321e+03
1.780289021727779073e+03
1.780290410589988596e+03
1.780291799452198120e+03
1.780293188314407871e+03
1.780294577176616713e+03
1.780295966038825554e+03
1.780297354901034623e+03
1.780298743763243465e+03
1.780300132625452989e+03
1.780301521487197078e+03
1.780302910349405920e+03
1.780304299211614762e+03
1.780305688073824513e+03
1.780307076936034036e+03
1.780308465798242878e+03
1.780309854659986286e+03
1.780311243522195809e+03
1.780312632384405333e+03
1.780314021246614175e+03
1.780315410108823244e+03
1.780316798970566424e+03
1.780318187832775493e+03
1.780319576694985017e+03
1.780320965557194540e+03
1.780322354419403382e+03
1.780323743281147472e+03
1.780325132143356996e+03
1.780326521005566065e+03
1.780327909867309245e+03
1.780329298729518086e+03
1.780330687591726928e+03
1.780332076453935997e+03
1.780333465315679859e+03
1.780334854177890065e+03
1.780336243040099816e+03
1.780337631901842997e+03
1.780339020764051838e+03
1.780340409626260907e+03
1.780341798488004088e+03
1.780343187350212929e+03
1.780344576212421998e+03
1.780345965074166543e+03
1.780347353936376749e+03
1.780348742798585818e+03
1.780350131660328998e+03
1.780351520522537839e+03
1.780352909384281247e+03
1.780354298246490089e+03
1.780355687108233269e+03
1.780357075970443020e+03
1.780358464832652544e+03
1.780359853694396406e+03
1.780361242556606157e+03
1.780362631418349338e+03
1.780364020280558179e+03
1.780365409142301360e+03
1.780366798004510429e+03
1.780368186866253609e+03
1.780369575728463133e+03
1.780370964590207222e+03
1.780372353452416064e+03
1.780373742314160154e+03
1.781132060459668310e+03
1.781133449320015188e+03
1.781134838180362294e+03
1.781136227040243512e+03
1.781137615900590390e+03
1.781139004760936814e+03
1.781140393620817349e+03
1.781141782481163773e+03
1.781143171341509969e+03
1.781144560201390505e+03
1.781145949061736701e+03
1.781147337922084262e+03
1.781148726781966388e+03
1.781150115642312812e+03
1.781151504502193347e+03
1.781152893362539544e+03
1.781154282222885740e+03
1.781155671082766276e+03
1.781157059943112699e+03
1.781158448802993917e+03
1.781159837663341477e+03
1.781161226523688583e+03
1.781162615383569118e+03
1.781164004243915315e+03
1.781165393103796077e+03
1.781166781964142274e+03
1.781168170824023036e+03
1.781169559684369233e+03
1.781170948544250450e+03
1.781172337404598238e+03
1.781173726264479455e+03
1.781175115124825652e+03
1.781176503984706414e+03
1.781177892845052611e+03
1.781179281704933146e+03
1.781180670565279343e+03
1.781182059425160787e+03
1.781183448285507666e+03
1.781184837145388428e+03
1.781186226005735307e+03
1.781187614865616524e+03
1.781189003725497059e+03
1.781190392585843483e+03
1.781191781445724018e+03
1.781193170306070897e+03
1.781194559165952342e+03
1.781195948026298538e+03
1.781197336886179073e+03
1.781198725746060518e+03
1.781200114606407396e+03
1.781201503466287932e+03
1.781202892326168694e+03
1.781204281186515573e+03
1.781205670046396790e+03
1.781207058906742986e+03
1.781208447766623749e+03
1.781209836626504284e+03
1.781211225486850708e+03
1.781212614346731925e+03
1.781214003206613143e+03
1.781215392066959339e+03
1.781216780926840784e+03
1.781218169786722001e+03
1.781219558646602763e+03
1.781220947506948960e+03
1.781222336366829495e+03
1.781223725226710030e+03
1.781225114087057136e+03
1.781226502946938353e+03
1.781227891806819571e+03
1.781229280666701015e+03
1.781230669527047212e+03
1.781232058386927747e+03
1.781233447246808510e+03
1.781234836106689045e+03
1.781236224966569807e+03
1.781237613826916686e+03
1.781239002686798585e+03
1.781240391546679803e+03
1.781241780406560565e+03
1.781243169266441100e+03
1.781244558126787297e+03
1.781245946986668059e+03
1.781477886557910551e+03
1.781479275417326107e+03
1.781480664276741663e+03
1.781482053136156765e+03
1.781483441995572321e+03
1.781484830854988104e+03
1.781486219714402978e+03
1.781487608573817852e+03
1.781488997433232726e+03
1.781490386292648509e+03
1.781491775152064065e+03
1.781493164011478939e+03
1.781494552870894040e+03
1.781495941730309596e+03
1.781497330589725152e+03
1.781498719449140026e+03
1.781500108308555127e+03
1.781501497167970001e+03
1.781502886027385557e+03
1.781504274886801340e+03
1.781505663746216214e+03
1.781507052605631088e+03
1.781508441465046189e+03
1.781509830324461745e+03
1.781511219183877529e+03
1.781512608043292403e+03
1.781513996902707959e+03
1.781515385762123515e+03
1.781516774621538616e+03
1.781518163480953490e+03
1.781519552340368591e+03
1.781520941199317804e+03
1.781522330058733360e+03
1.781523718918148916e+03
1.781525107777564699e+03
1.781526496636980255e+03
1.781527885496395356e+03
1.781529274355810230e+03
1.781530663215225104e+03
1.781532052074174317e+03
1.781533440933589191e+03
1.781534829793004974e+03
1.781536218652421212e+03
1.781537607511836995e+03
1.781538996371251869e+03
1.781540385230201082e+03
1.781541774089615956e+03
1.781543162949031057e+03
1.781544551808445931e+03
1.781545940667861032e+03
1.781547329526810927e+03
1.781548718386227165e+03
1.781550107245642721e+03
1.781551496105057822e+03
1.781552884964007035e+03
1.781554273823422136e+03
1.781555662682837010e+03
1.781557051542251884e+03
1.781558440401201096e+03
1.781559829260617562e+03
1.781561218120033800e+03
1.781562606978983240e+03
1.781563995838398114e+03
1.781565384697812988e+03
1.781566773557227862e+03
1.781568162416177302e+03
1.781569551275592175e+03
1.781570940135007731e+03
1.781572328993957854e+03
1.781573717853373410e+03
1.781575106712788966e+03
1.781576495571738405e+03
1.781577884431153279e+03
1.781579273290568153e+03
1.781580662149517593e+03
1.781582051008933149e+03
1.781583439867883044e+03
1.781584828727297918e+03
1.781586217586713701e+03
1.781587606445663596e+03
1.781588995305078697e+03
1.781590384164027910e+03
1.781591773023442784e+03
1.782348700872975996e+03
1.782350089730529589e+03
1.782351478588083410e+03
1.782352867445635638e+03
1.782354256303653528e+03
1.782355645161205757e+03
1.782357034018758213e+03
1.782358422876310442e+03
1.782359811734328559e+03
1.782361200591881470e+03
1.782362589449435063e+03
1.782363978306987974e+03
1.782365367164540430e+03
1.782366756022558320e+03
1.782368144880110776e+03
1.782369533737663005e+03
1.782370922595215234e+03
1.782372311452768372e+03
1.782373700310321283e+03
1.782375089168339855e+03
1.782376478025892993e+03
1.782377866883445222e+03
1.782379255740997451e+03
1.782380644598549679e+03
1.782382033456101908e+03
1.782383422313654364e+03
1.782384811171672936e+03
1.782387588886778985e+03
1.782388977744331896e+03
1.782390366601884125e+03
1.782391755459436581e+03
1.782393144316988810e+03
1.782394533174541266e+03
1.782395922032094177e+03
1.782397310889647088e+03
1.782398699747199316e+03
1.782400088604752455e+03
1.782401477462305365e+03
1.782402866320323483e+03
1.782404255177875712e+03
1.782405644035427940e+03
1.782407032892981078e+03
1.782408421750533989e+03
1.782409810608086218e+03
1.782411199465639129e+03
1.782412588323192267e+03
1.782413977180744496e+03
1.782415366038296725e+03
1.782416754895849181e+03
1.782418143753402092e+03
1.782419532610955230e+03
1.782420921468507458e+03
1.782422310326059687e+03
1.782423699183147164e+03
1.782425088040700075e+03
1.782426476898252304e+03
1.782427865755804532e+03
1.782429254613356989e+03
1.782430643470909899e+03
1.782432032328462810e+03
1.782433421186015039e+03
1.782434810043567495e+03
1.782436198901120406e+03
1.782437587758673544e+03
1.782438976616225773e+03
1.782440365473312340e+03
1.782441754330865479e+03
1.782443143188418389e+03
1.782444532045970618e+03
1.782445920903523074e+03
1.782447309761075303e+03
1.782448698618628214e+03
1.782450087475715463e+03
1.782451476333267919e+03
1.782452865190820830e+03
1.782454254048373969e+03
1.782455642905926197e+03
1.782457031763478426e+03
1.782458420620564993e+03
1.782459809478117450e+03
1.782461198335670360e+03
1.782462587193223499e+03
1.782694526350495835e+03
1.782695915207116741e+03
1.782697304064203308e+03
1.782698692921289876e+03
1.782700081778376671e+03
1.782701470635463238e+03
1.782702859492084372e+03
1.782704248349172303e+03
1.782705637206260235e+03
1.782707026063346802e+03
1.782708414919967936e+03
1.782709803777054503e+03
1.782711192634141298e+03
1.782712581491227866e+03
1.782713970347848772e+03
1.782715359204936249e+03
1.782716748062024180e+03
1.782718136919111430e+03
1.782719525775732563e+03
1.782720914632819131e+03
1.782722303489905698e+03
1.782723692346992266e+03
1.782725081203613172e+03
1.782726470060699967e+03
1.782727858917788126e+03
1.782729247774410396e+03
1.782730636631496964e+03
1.782732025488583531e+03
1.782733414345204437e+03
1.782734803202291232e+03
1.782736192059377800e+03
1.782737580915998933e+03
1.782738969773086183e+03
1.782740358630174114e+03
1.782741747486795703e+03
1.782743136343882497e+03
1.782744525200503404e+03
1.782745914057590198e+03
1.782747302914676766e+03
1.782748691771297672e+03
1.782750080628385149e+03
1.782751469485006737e+03
1.782752858342093987e+03
1.782754247199181464e+03
1.782755636055802370e+03
1.782757024912888937e+03
1.782758413769509843e+03
1.782759802626596638e+03
1.782761191483217544e+03
1.782762580340304794e+03
1.782763969196927292e+03
1.782765358054014541e+03
1.782766746911101109e+03
1.782768135767722242e+03
1.782769524624808810e+03
1.782770913481429943e+03
1.782772302338516511e+03
1.782773691195138099e+03
1.782775080052225348e+03
1.782776468908847164e+03
1.782777857765934414e+03
1.782779246622555547e+03
1.782780635479642115e+03
1.782782024336263021e+03
1.782783413192883927e+03
1.782784802049971404e+03
1.782786190906592992e+03
1.782787579763679560e+03
1.782788968620301148e+03
1.782790357477388625e+03
1.782791746334009531e+03
1.782793135191096098e+03
1.782794524047717232e+03
1.782795912904338820e+03
1.782797301761426297e+03
1.782798690618047203e+03
1.782800079475134453e+03
1.782801468331756041e+03
1.782802857188377175e+03
1.782804246045463742e+03
1.782805634902084876e+03
1.782808412615793031e+03
1.783566728034399830e+03
1.783568116889623980e+03
1.783569505744848584e+03
1.783570894600538850e+03
1.783572283455762772e+03
1.783573672310986922e+03
1.783575061166677187e+03
1.783576450021902019e+03
1.783577838877125942e+03
1.783579227732815525e+03
1.783580616588040357e+03
1.783582005443264961e+03
1.783583394298488884e+03
1.783584783154178695e+03
1.783586172009403299e+03
1.783587560864627903e+03
1.783588949719851826e+03
1.783590338575541637e+03
1.783591727430766241e+03
1.783593116285991073e+03
1.783594505141214995e+03
1.783595893996904579e+03
1.783597282852129410e+03
1.783598671707354015e+03
1.783600060562577937e+03
1.783601449418267748e+03
1.783602838273491670e+03
1.783604227128716275e+03
1.783605615983940879e+03
1.783607004839165029e+03
1.783608393694388951e+03
1.783609782550079217e+03
1.783611171405304049e+03
1.783612560260527971e+03
1.783613949115751893e+03
1.783615337970976725e+03
1.783616726826201329e+03
1.783618115681890913e+03
1.783619504537115063e+03
1.783620893392339667e+03
1.783622282247564272e+03
1.783623671102788194e+03
1.783625059958012343e+03
1.783626448813236948e+03
1.783627837668461780e+03
1.783629226524151363e+03
1.783630615379375286e+03
1.783632004234600117e+03
1.783633393089824722e+03
1.783634781945048644e+03
1.783636170800272794e+03
1.783637559655496716e+03
1.783638948510721320e+03
1.783640337365945925e+03
1.783641726221170074e+03
1.783643115076394679e+03
1.783644503931619511e+03
1.783645892786843433e+03
1.783647281642067355e+03
1.783648670497291278e+03
1.783650059352516109e+03
1.783651448207740714e+03
1.783652837062964863e+03
1.783654225918188786e+03
1.783655614773413390e+03
1.783657003628637995e+03
1.783658392483862144e+03
1.783659781339086067e+03
1.783661170194310671e+03
1.783662559049535503e+03
1.783663947904759425e+03
1.783665336759983347e+03
1.783666725615208179e+03
1.783668114470432783e+03
1.783669503325656706e+03
1.783670892180880855e+03
1.783672281036104778e+03
1.783673669891329382e+03
1.783675058746553987e+03
1.783676447601778136e+03
1.783677836457002741e+03
1.783679225312227572e+03
1.783680614167451495e+03
1.783912552947538188e+03
1.783913941802297359e+03
1.783915330657056302e+03
1.783916719511814563e+03
1.783918108366573506e+03
1.783919497221332676e+03
1.783920886076090937e+03
1.783922274930849198e+03
1.783923663785607687e+03
1.783925052640365948e+03
1.783926441495124891e+03
1.783927830349884061e+03
1.783929219204642322e+03
1.783930608059401493e+03
1.783931996914160436e+03
1.783933385768918697e+03
1.783934774623676958e+03
1.783936163478435446e+03
1.783937552333194390e+03
1.783938941187953333e+03
1.783940330042711594e+03
1.783941718897470764e+03
1.783943107752229707e+03
1.783944496606988196e+03
1.783945885461280795e+03
1.783947274316039056e+03
1.783948663170798227e+03
1.783950052025557170e+03
1.783951440880315431e+03
1.783952829735074374e+03
1.783954218589833545e+03
1.783955607444591806e+03
1.783956996298884405e+03
1.783958385153642894e+03
1.783959774008401837e+03
1.783961162863161007e+03
1.783962551717919268e+03
1.783963940572678212e+03
1.783965329426971493e+03
1.783966718281729982e+03
1.783968107136488243e+03
1.783969495991246731e+03
1.783970884846004992e+03
1.783972273700763935e+03
1.783973662555057217e+03
1.783975051409815705e+03
1.783976440264574649e+03
1.783977829119333819e+03
1.783979217973626419e+03
1.783980606828384680e+03
1.783981995683142941e+03
1.783983384537902111e+03
1.783984773392195393e+03
1.783986162246953654e+03
1.783987551101712597e+03
1.783988939956471768e+03
1.783990328810764368e+03
1.783991717665522629e+03
1.783993106520281117e+03
1.783994495375040060e+03
1.783995884229333569e+03
1.783997273084091830e+03
1.783998661938850773e+03
1.784000050793144055e+03
1.784002828502660805e+03
1.784004217356953632e+03
1.784005606211712575e+03
1.784006995066471518e+03
1.784008383920764118e+03
1.784009772775523288e+03
1.784011161630282231e+03
1.784012550484575058e+03
1.784013939339333319e+03
1.784015328194091580e+03
1.784018105903144033e+03
1.784019494757902294e+03
1.784020883612195576e+03
1.784022272466954746e+03
1.784023661321247346e+03
1.784025050176005607e+03
1.784026439030764095e+03
1.784783364421150964e+03
1.784784753274512241e+03
1.784786142127873518e+03
1.784787530981235022e+03
1.784788919834132003e+03
1.784790308687494871e+03
1.784791697540856148e+03
1.784793086394217426e+03
1.784794475247578703e+03
1.784795864100940207e+03
1.784797252954301484e+03
1.784798641807197100e+03
1.784800030660559969e+03
1.784801419513922610e+03
1.784802808367283887e+03
1.784804197220645392e+03
1.784805586073541008e+03
1.784806974926902285e+03
1.784808363780263790e+03
1.784809752633625067e+03
1.784811141486522047e+03
1.784812530339884916e+03
1.784813919193246193e+03
1.784815308046607470e+03
1.784816696899968974e+03
1.784818085752864590e+03
1.784819474606225867e+03
1.784820863459587144e+03
1.784822252312483670e+03
1.784823641165846311e+03
1.784825030019208498e+03
1.784826418872569775e+03
1.784827807725465391e+03
1.784829196578826668e+03
1.784830585432188172e+03
1.784831974285549450e+03
1.784833363138445748e+03
1.784834751991808616e+03
1.784836140845170576e+03
1.784837529698066191e+03
1.784838918551427696e+03
1.784840307404788973e+03
1.784841696257684816e+03
1.784843085111046094e+03
1.784844473964408053e+03
1.784845862817305260e+03
1.784847251670667220e+03
1.784848640524028497e+03
1.784850029376924340e+03
1.784851418230285617e+03
1.784852807083181233e+03
1.784854195936542510e+03
1.784855584789904697e+03
1.784856973642801677e+03
1.784858362496163863e+03
1.784859751349525141e+03
1.784861140202420756e+03
1.784862529055782034e+03
1.784863917908677649e+03
1.784865306762039154e+03
1.784866695615401113e+03
1.784868084468297639e+03
1.784869473321659598e+03
1.784870862174555896e+03
1.784872251027917173e+03
1.784873639880813016e+03
1.784875028734174293e+03
1.784876417587070137e+03
1.784877806440432096e+03
1.784879195293794055e+03
1.784880584146690580e+03
1.784881973000052540e+03
1.784883361852948156e+03
1.784884750706309660e+03
1.784886139559205276e+03
1.784887528412566553e+03
1.784888917265463078e+03
1.784890306118825038e+03
1.784891694971721336e+03
1.784893083825083522e+03
1.784894472677979138e+03
1.784895861531340415e+03
1.784897250384236031e+03
1.785129188824392941e+03
1.785130577676822895e+03
1.785131966529719193e+03
1.785133355382615719e+03
1.785134744235045673e+03
1.785136133087941289e+03
1.785137521940837132e+03
1.785138910793267769e+03
1.785140299646164294e+03
1.785141688499059910e+03
1.785143077351490547e+03
1.785144466204386845e+03
1.785145855057282461e+03
1.785147243909712643e+03
1.785148632762608258e+03
1.785150021615504556e+03
1.785151410467935420e+03
1.785152799320831036e+03
1.785154188173260991e+03
1.785155577026157516e+03
1.785156965879053814e+03
1.785158354731483996e+03
1.785159743584379612e+03
1.785161132436810249e+03
1.785162521289706547e+03
1.785163910142602390e+03
1.785165298995032344e+03
1.785166687847928642e+03
1.785168076700359507e+03
1.785169465553255122e+03
1.785170854405685077e+03
1.785172243258581602e+03
1.785173632111012239e+03
1.785175020963908082e+03
1.785176409816803698e+03
1.785177798669234335e+03
1.785179187522130633e+03
1.785180576374560815e+03
1.785181965227457113e+03
1.785183354079887977e+03
1.785184742932783593e+03
1.785186131785213547e+03
1.785187520638109163e+03
1.785188909490540027e+03
1.785190298343436325e+03
1.785191687195866507e+03
1.785193076048762805e+03
1.785194464901193442e+03
1.785195853754089057e+03
1.785197242606519239e+03
1.785198631458949194e+03
1.785200020311844810e+03
1.785201409164275447e+03
1.785202798017171972e+03
1.785204186869602609e+03
1.785205575722498907e+03
1.785206964574929088e+03
1.785208353427824704e+03
1.785209742280254886e+03
1.785211131132684841e+03
1.785212519985581139e+03
1.785213908838011776e+03
1.785215297690908301e+03
1.785216686543338938e+03
1.785218075395769119e+03
1.785219464248664735e+03
1.785220853101094690e+03
1.785222241953990306e+03
1.785223630806421170e+03
1.785225019658852489e+03
1.785226408511749014e+03
1.785227797364178969e+03
1.785229186217074584e+03
1.785230575069504539e+03
1.785231963921934721e+03
1.785233352774830337e+03
1.785234741627260973e+03
1.785236130479692520e+03
1.785237519332588818e+03
1.785238908185018772e+03
1.785240297037448954e+03
1.785241685890344570e+03
1.785243074742774752e+03
1.786001387945309034e+03
1.786002776796809030e+03
1.786004165647842910e+03
1.786005554499341542e+03
1.786006943350840174e+03
1.786008332202338806e+03
1.786009721053837666e+03
1.786011109905336298e+03
1.786012498756835612e+03
1.786013887608335835e+03
1.786015276459835150e+03
1.786016665311333782e+03
1.786018054162832641e+03
1.786019443014331273e+03
1.786020831865830132e+03
1.786022220717329446e+03
1.786023609568828761e+03
1.786024998419862641e+03
1.786026387271361955e+03
1.786027776122860587e+03
1.786029164974359446e+03
1.786030553825858078e+03
1.786031942677356710e+03
1.786033331528856252e+03
1.786034720380355566e+03
1.786036109231854880e+03
1.786037498082888760e+03
1.786038886934387392e+03
1.786040275785886024e+03
1.786041664637384656e+03
1.786043053488884198e+03
1.786044442340383512e+03
1.786045831191882371e+03
1.786047220042915342e+03
1.786048608894414656e+03
1.786049997745913970e+03
1.786051386597412829e+03
1.786052775448911461e+03
1.786054164300410775e+03
1.786055553151444656e+03
1.786056942002943288e+03
1.786058330854441920e+03
1.786059719705941461e+03
1.786061108557440775e+03
1.786062497408473746e+03
1.786063886259972605e+03
1.786065275111471919e+03
1.786066663962971234e+03
1.786068052814469866e+03
1.786069441665503064e+03
1.786070830517002378e+03
1.786072219368501919e+03
1.786073608220000551e+03
1.786074997071034204e+03
1.786076385922533518e+03
1.786077774774032378e+03
1.786079163625531010e+03
1.786080552476564208e+03
1.786081941328063522e+03
1.786083330179562836e+03
1.786084719031061468e+03
1.786086107882095348e+03
1.786087496733594662e+03
1.786088885585093522e+03
1.786090274436592154e+03
1.786091663287625124e+03
1.786093052139123756e+03
1.786094440990623298e+03
1.786095829841657633e+03
1.786097218693157174e+03
1.786098607544655806e+03
1.786099996396154438e+03
1.786101385247187409e+03
1.786102774098686268e+03
1.786104162950184900e+03
1.786105551801218553e+03
1.786106940652718777e+03
1.786108329504218091e+03
1.786109718355251061e+03
1.786111107206749921e+03
1.786112496058248553e+03
1.786113884909281751e+03
1.786115273760780383e+03
1.786347211908970166e+03
1.786348600760003137e+03
1.786349989611036335e+03
1.786351378462069306e+03
1.786352767313102504e+03
1.786354156164135475e+03
1.786355545015169128e+03
1.786356933866203690e+03
1.786358322717237343e+03
1.786359711568270313e+03
1.786361100419303284e+03
1.786362489270336482e+03
1.786363878121369453e+03
1.786365266972403106e+03
1.786366655823436759e+03
1.786368044674469957e+03
1.786369433525503609e+03
1.786370822376537490e+03
1.786372211227570460e+03
1.786373600078603431e+03
1.786374988929636402e+03
1.786376377780670282e+03
1.786377766631703935e+03
1.786379155482737133e+03
1.786380544333770786e+03
1.786381933184804438e+03
1.786383322035837409e+03
1.786384710886404946e+03
1.786386099737438599e+03
1.786387488588472479e+03
1.786388877439505450e+03
1.786390266290538420e+03
1.786391655141572301e+03
1.786393043992605953e+03
1.786394432843638924e+03
1.786395821694672577e+03
1.786397210545706457e+03
1.786398599396739428e+03
1.786399988247306737e+03
1.786401377098339935e+03
1.786402765949373588e+03
1.786404154800407468e+03
1.786405543651440439e+03
1.786406932502474092e+03
1.786408321353507745e+03
1.786409710204540943e+03
1.786411099055108252e+03
1.786412487906141450e+03
1.786413876757174421e+03
1.786415265608208074e+03
1.786416654459242636e+03
1.786418043310276289e+03
1.786419432160843598e+03
1.786420821011876569e+03
1.786422209862909767e+03
1.786423598713942738e+03
1.786424987564975709e+03
1.786426376416009589e+03
1.786427765266578263e+03
1.786429154117611915e+03
1.786431931819678084e+03
1.786433320670711055e+03
1.786434709521278364e+03
1.786436098372311562e+03
1.786437487223345897e+03
1.786438876074380460e+03
1.786440264925413430e+03
1.786441653775980740e+03
1.786443042627013710e+03
1.786444431478046909e+03
1.786445820329079879e+03
1.786447209179647416e+03
1.786448598030681751e+03
1.786449986881716086e+03
1.786451375732749057e+03
1.786452764583316593e+03
1.786454153434349564e+03
1.786455542285382762e+03
1.786456931136415733e+03
1.786458319986983724e+03
1.786459708838017377e+03
1.786461097689051257e+03
1.787219410068302068e+03
1.787220798918403716e+03
1.787222187768971025e+03
1.787223576619072901e+03
1.787224965469174549e+03
1.787226354319276197e+03
1.787227743169379210e+03
1.787229132019482449e+03
1.787230520869584097e+03
1.787231909720151634e+03
1.787233298570253282e+03
1.787234687420354931e+03
1.787236076270456579e+03
1.787237465120559136e+03
1.787238853970662149e+03
1.787240242820764706e+03
1.787241631670866354e+03
1.787243020521433664e+03
1.787244409371535312e+03
1.787245798221637187e+03
1.787247187071739518e+03
1.787248575921842075e+03
1.787249964771944406e+03
1.787251353622046736e+03
1.787252742472148384e+03
1.787254131322250259e+03
1.787255520172817569e+03
1.787256909022919899e+03
1.787258297873022457e+03
1.787259686723124105e+03
1.787261075573225753e+03
1.787262464423328311e+03
1.787263853273430641e+03
1.787265242123532516e+03
1.787266630973634165e+03
1.787268019823736495e+03
1.787269408673838825e+03
1.787270797523940701e+03
1.787272186374508010e+03
1.787273575224610340e+03
1.787274964074712898e+03
1.787276352924814546e+03
1.787277741774917104e+03
1.787279130625019434e+03
1.787280519475121082e+03
1.787281908325222730e+03
1.787283297175324606e+03
1.787284686025426936e+03
1.787286074875529266e+03
1.787287463725631824e+03
1.787288852575734154e+03
1.787290241425835802e+03
1.787291630275937678e+03
1.787293019126039326e+03
1.787294407976140974e+03
1.787295796826243532e+03
1.787297185676346544e+03
1.787298574526448874e+03
1.787299963377016411e+03
1.787301352227118059e+03
1.787302741077219707e+03
1.787304129927321355e+03
1.787305518777423231e+03
1.787306907627525561e+03
1.787308296477628573e+03
1.787309685327731131e+03
1.787311074177832779e+03
1.787312463027934427e+03
1.787313851878036303e+03
1.787315240728137951e+03
1.787316629578240281e+03
1.787318018428342839e+03
1.787319407278445169e+03
1.787320796128547499e+03
1.787322184978649375e+03
1.787323573828751023e+03
1.787324962678852899e+03
1.787326351528954547e+03
1.787327740379056877e+03
1.787329129229159207e+03
1.787330518079261765e+03
1.787331906929364095e+03
1.787333295779465971e+03
1.787565233734871299e+03
1.787566622584507968e+03
1.787568011434609616e+03
1.787569400284711492e+03
1.787570789134348161e+03
1.787572177984450718e+03
1.787573566834552366e+03
1.787574955684654697e+03
1.787576344534291366e+03
1.787577733384393241e+03
1.787579122234494889e+03
1.787580511084596765e+03
1.787581899934233434e+03
1.787583288784335764e+03
1.787584677634438322e+03
1.787586066484074991e+03
1.787587455334176639e+03
1.787588844184278514e+03
1.787590233034380162e+03
1.787591621884016149e+03
1.787593010734117797e+03
1.787594399584220810e+03
1.787595788433858388e+03
1.787597177283960036e+03
1.787598566134061912e+03
1.787599954984163560e+03
1.787601343833799547e+03
1.787602732683901195e+03
1.787604121534003752e+03
1.787605510383641104e+03
1.787606899233743661e+03
1.787608288083845309e+03
1.787609676933481296e+03
1.787611065783582944e+03
1.787612454633684820e+03
1.787613843483787150e+03
1.787615232333424046e+03
1.787616621183526377e+03
1.787618010033628707e+03
1.787619398883264694e+03
1.787620787733366569e+03
1.787622176583468217e+03
1.787623565433104886e+03
1.787624954283207444e+03
1.787626343133309092e+03
1.787627731982945988e+03
1.787629120833048319e+03
1.787630509683149967e+03
1.787631898532786181e+03
1.787633287382888511e+03
1.787634676232990842e+03
1.787636065083092490e+03
1.787637453932728704e+03
1.787638842782830352e+03
1.787640231632932682e+03
1.787641620482569579e+03
1.787643009332671909e+03
1.787644398182774239e+03
1.787645787032410453e+03
1.787647175882512101e+03
1.787648564732613977e+03
1.787649953582249964e+03
1.787651342432352294e+03
1.787652731282455534e+03
1.787654120132092203e+03
1.787655508982193851e+03
1.787656897832295499e+03
1.787658286681931713e+03
1.787659675532033361e+03
1.787661064382135010e+03
1.787662453231772361e+03
1.787663842081875600e+03
1.787665230931977248e+03
1.787666619781613463e+03
1.787668008631715111e+03
1.787669397481816759e+03
1.787670786331452746e+03
1.787672175181555303e+03
1.787673564031658316e+03
1.787674952881295212e+03
1.787676341731396860e+03
1.787677730581498508e+03
1.787679119431134495e+03
