1.831477734375000000e+04
1.831754687500000000e+04
1.829166992187500000e+04
1.833418164062500000e+04
1.831064257812500000e+04
1.830909179687500000e+04
1.830968750000000000e+04
1.832059570312500000e+04
1.833107031250000000e+04
1.830933789062500000e+04
1.831654882812500000e+04
1.829066015625000000e+04
1.828216210937500000e+04
1.830644140625000000e+04
1.832756054687500000e+04
1.830933789062500000e+04
1.832735742187500000e+04
1.831062109375000000e+04
1.832764648437500000e+04
1.831361718750000000e+04
1.831355273437500000e+04
1.833592773437500000e+04
1.829101562500000000e+04
1.829337695312500000e+04
1.828883203125000000e+04
1.831509570312500000e+04
1.834851562500000000e+04
1.833136132812500000e+04
1.829560937500000000e+04
1.827163671875000000e+04
1.834008984375000000e+04
1.830611132812500000e+04
1.829514257812500000e+04
1.832182031250000000e+04
1.828652539062500000e+04
1.832135546875000000e+04
1.831429101562500000e+04
1.831056054687500000e+04
1.831886718750000000e+04
1.831831250000000000e+04
1.833295898437500000e+04
1.828289062500000000e+04
1.829846679687500000e+04
1.830336523437500000e+04
1.831493359375000000e+04
1.833889843750000000e+04
1.827734960937500000e+04
1.833074218750000000e+04
1.834650976562500000e+04
1.831568554687500000e+04
1.830536523437500000e+04
1.833516992187500000e+04
1.830603906250000000e+04
1.832142187500000000e+04
1.831125781250000000e+04
1.832701953125000000e+04
1.831851367187500000e+04
1.831919531250000000e+04
1.832522070312500000e+04
1.829553906250000000e+04
1.836795898437500000e+04
1.831074804687500000e+04
1.828064453125000000e+04
1.829928710937500000e+04
1.830526562500000000e+04
1.835518554687500000e+04
1.833879101562500000e+04
1.834822851562500000e+04
1.830863476562500000e+04
1.831168750000000000e+04
1.831256250000000000e+04
1.830844726562500000e+04
1.831188671875000000e+04
1.830952539062500000e+04
1.829998046875000000e+04
1.830648632812500000e+04
1.832867382812500000e+04
1.834108984375000000e+04
1.833149218750000000e+04
1.830959570312500000e+04
1.831196289062500000e+04
1.831701757812500000e+04
1.832119140625000000e+04
1.833767187500000000e+04
1.835097656250000000e+04
1.830130273437500000e+04
1.830729296875000000e+04
1.832514062500000000e+04
1.832437695312500000e+04
1.829692578125000000e+04
1.832749414062500000e+04
1.834750390625000000e+04
1.828767382812500000e+04
1.829170312500000000e+04
1.829942187500000000e+04
1.834352929687500000e+04
1.831825781250000000e+04
1.830749414062500000e+04
1.833859375000000000e+04
1.832069921875000000e+04
1.830941015625000000e+04
1.830989843750000000e+04
1.830870507812500000e+04
1.833466601562500000e+04
1.832853710937500000e+04
1.835041992187500000e+04
1.833791015625000000e+04
1.833712695312500000e+04
1.832059570312500000e+04
1.831260351562500000e+04
1.830552343750000000e+04
1.833383593750000000e+04
1.830283398437500000e+04
1.834565820312500000e+04
1.830213281250000000e+04
1.831004882812500000e+04
1.831610937500000000e+04
1.837614062500000000e+04
1.829255078125000000e+04
1.831139843750000000e+04
1.831515429687500000e+04
1.829895507812500000e+04
1.832180664062500000e+04
1.832406250000000000e+04
1.833191992187500000e+04
1.830197656250000000e+04
1.828976367187500000e+04
1.831982812500000000e+04
1.829265625000000000e+04
1.829668750000000000e+04
1.831722656250000000e+04
1.832084179687500000e+04
1.832089257812500000e+04
1.830570898437500000e+04
1.833279492187500000e+04
1.831081054687500000e+04
1.830566210937500000e+04
1.833126562500000000e+04
1.830046679687500000e+04
1.832352343750000000e+04
1.830281640625000000e+04
1.830849023437500000e+04
1.830492187500000000e+04
1.831087500000000000e+04
1.832124609375000000e+04
1.831765625000000000e+04
1.834700976562500000e+04
1.832543164062500000e+04
1.830522460937500000e+04
1.831906054687500000e+04
1.835419921875000000e+04
1.832748046875000000e+04
1.830754296875000000e+04
1.831588281250000000e+04
1.833872265625000000e+04
1.831926367187500000e+04
1.832562695312500000e+04
1.833181054687500000e+04
1.828469140625000000e+04
1.830349218750000000e+04
1.831383984375000000e+04
1.830126367187500000e+04
1.833507031250000000e+04
1.834856445312500000e+04
1.833516992187500000e+04
1.833231445312500000e+04
1.835028125000000000e+04
1.831702734375000000e+04
1.830637304687500000e+04
1.832181445312500000e+04
1.834056835937500000e+04
1.832207617187500000e+04
1.836250976562500000e+04
1.830685937500000000e+04
1.833142578125000000e+04
1.834476367187500000e+04
1.832309765625000000e+04
1.831599023437500000e+04
1.830739062500000000e+04
1.833814843750000000e+04
1.829237500000000000e+04
1.831145117187500000e+04
1.831002343750000000e+04
1.830600585937500000e+04
1.827535351562500000e+04
1.829719726562500000e+04
1.833221093750000000e+04
1.826646484375000000e+04
1.831377148437500000e+04
1.832167578125000000e+04
1.830405664062500000e+04
1.831868554687500000e+04
1.833587500000000000e+04
1.833879101562500000e+04
1.828225585937500000e+04
1.833488867187500000e+04
1.834236132812500000e+04
1.832430468750000000e+04
1.832247460937500000e+04
1.833545117187500000e+04
1.836266210937500000e+04
1.831021679687500000e+04
1.832649023437500000e+04
1.832888085937500000e+04
1.831668164062500000e+04
1.833258593750000000e+04
1.832263671875000000e+04
1.830930859375000000e+04
1.833387695312500000e+04
1.833172656250000000e+04
1.832024609375000000e+04
1.830589843750000000e+04
1.831733398437500000e+04
1.831264257812500000e+04
1.832038671875000000e+04
1.835222070312500000e+04
1.834549804687500000e+04
1.831939648437500000e+04
1.833144335937500000e+04
1.833902343750000000e+04
1.830014648437500000e+04
1.831744921875000000e+04
1.832155078125000000e+04
1.830036328125000000e+04
1.831859960937500000e+04
1.833237890625000000e+04
1.831869921875000000e+04
1.830451562500000000e+04
1.828039843750000000e+04
1.830269531250000000e+04
1.832166601562500000e+04
1.829926953125000000e+04
1.830007031250000000e+04
1.832517187500000000e+04
1.830981054687500000e+04
1.831365820312500000e+04
1.832097070312500000e+04
1.831875781250000000e+04
1.828042382812500000e+04
1.832850000000000000e+04
1.835352929687500000e+04
1.832984765625000000e+04
1.828819531250000000e+04
1.830452734375000000e+04
1.833400585937500000e+04
1.831682421875000000e+04
1.830023437500000000e+04
1.828320507812500000e+04
1.831931250000000000e+04
1.831544726562500000e+04
1.832573046875000000e+04
1.832603710937500000e+04
1.830041992187500000e+04
1.829563281250000000e+04
1.827769921875000000e+04
1.832698632812500000e+04
1.825704296875000000e+04
1.828539257812500000e+04
1.832691601562500000e+04
1.824232812500000000e+04
1.824176757812500000e+04
1.823492968750000000e+04
1.825979492187500000e+04
1.821563476562500000e+04
1.823504492187500000e+04
1.823014453125000000e+04
1.823245898437500000e+04
1.818266601562500000e+04
1.822058398437500000e+04
1.823047851562500000e+04
1.822571484375000000e+04
1.820072265625000000e+04
1.821885351562500000e+04
1.822897656250000000e+04
1.820330468750000000e+04
1.818817187500000000e+04
1.820827734375000000e+04
1.816783984375000000e+04
1.821380664062500000e+04
1.820865429687500000e+04
1.821470117187500000e+04
1.820322851562500000e+04
1.821950390625000000e+04
1.822899218750000000e+04
1.822254882812500000e+04
1.818219726562500000e+04
1.820578906250000000e+04
1.819287890625000000e+04
1.820858593750000000e+04
1.818335546875000000e+04
1.818895117187500000e+04
1.819332031250000000e+04
1.820178710937500000e+04
1.818583398437500000e+04
1.818990820312500000e+04
1.819492578125000000e+04
1.819008593750000000e+04
1.822360156250000000e+04
1.820446875000000000e+04
1.819733984375000000e+04
1.821354882812500000e+04
1.817237109375000000e+04
1.818464062500000000e+04
1.820148437500000000e+04
1.821539843750000000e+04
1.818920312500000000e+04
1.822225000000000000e+04
1.820004296875000000e+04
1.818681054687500000e+04
1.822125195312500000e+04
1.820084765625000000e+04
1.819848632812500000e+04
1.819337304687500000e+04
1.821901757812500000e+04
1.817909960937500000e+04
1.819345898437500000e+04
1.819731250000000000e+04
1.819839843750000000e+04
1.820063085937500000e+04
1.818928125000000000e+04
1.821351367187500000e+04
1.820479101562500000e+04
1.819101171875000000e+04
1.819015234375000000e+04
1.818774023437500000e+04
1.817679101562500000e+04
1.820350195312500000e+04
1.820337304687500000e+04
1.819382421875000000e+04
1.820551367187500000e+04
1.819511718750000000e+04
1.818286132812500000e+04
1.817421484375000000e+04
1.818988476562500000e+04
1.818571289062500000e+04
1.822424804687500000e+04
1.820288281250000000e+04
1.819071093750000000e+04
1.819025781250000000e+04
1.820765429687500000e+04
1.821946093750000000e+04
1.819103125000000000e+04
1.818258984375000000e+04
1.818660156250000000e+04
1.815008398437500000e+04
1.816967382812500000e+04
1.818393164062500000e+04
1.822220898437500000e+04
1.825288085937500000e+04
1.819813085937500000e+04
1.816297851562500000e+04
1.817025000000000000e+04
1.822103515625000000e+04
1.820165820312500000e+04
1.818017968750000000e+04
1.814987304687500000e+04
1.822103515625000000e+04
1.820236523437500000e+04
1.823343164062500000e+04
1.819321093750000000e+04
1.815842773437500000e+04
1.816208203125000000e+04
1.820807617187500000e+04
1.817701953125000000e+04
1.818176757812500000e+04
1.819401953125000000e+04
1.818995117187500000e+04
1.820269531250000000e+04
1.818191015625000000e+04
1.819114648437500000e+04
1.818920507812500000e+04
1.820153906250000000e+04
1.818015820312500000e+04
1.816750976562500000e+04
1.818236718750000000e+04
1.820009960937500000e+04
1.819528710937500000e+04
1.819821875000000000e+04
1.819792968750000000e+04
1.817783593750000000e+04
1.820087500000000000e+04
1.818489257812500000e+04
1.820905859375000000e+04
1.820148632812500000e+04
1.820427734375000000e+04
1.822857031250000000e+04
1.818597656250000000e+04
1.817177343750000000e+04
1.822201367187500000e+04
1.821677539062500000e+04
1.822981054687500000e+04
1.819595117187500000e+04
1.821545703125000000e+04
1.820729296875000000e+04
1.821184960937500000e+04
1.825971484375000000e+04
1.820642773437500000e+04
1.824530664062500000e+04
1.823084765625000000e+04
1.823781445312500000e+04
1.819973632812500000e+04
1.822366406250000000e+04
1.824178320312500000e+04
1.822371679687500000e+04
1.821613085937500000e+04
1.821880664062500000e+04
1.821438085937500000e+04
1.824823437500000000e+04
1.821104882812500000e+04
1.822188476562500000e+04
1.822652734375000000e+04
1.822947656250000000e+04
1.823653320312500000e+04
1.825254492187500000e+04
1.825005273437500000e+04
1.827019726562500000e+04
1.826993554687500000e+04
1.831417382812500000e+04
1.824852929687500000e+04
1.827995507812500000e+04
1.830488671875000000e+04
1.829349804687500000e+04
1.833012500000000000e+04
1.831112695312500000e+04
1.833583398437500000e+04
1.830615429687500000e+04
1.832632617187500000e+04
1.830038671875000000e+04
1.831939257812500000e+04
1.831665039062500000e+04
1.831142382812500000e+04
1.830310742187500000e+04
1.829555859375000000e+04
1.832255664062500000e+04
1.832633593750000000e+04
1.833666992187500000e+04
1.834703710937500000e+04
1.831826367187500000e+04
1.830898437500000000e+04
1.831944531250000000e+04
1.833538867187500000e+04
1.830674414062500000e+04
1.831519921875000000e+04
1.834170507812500000e+04
1.829909570312500000e+04
1.831973828125000000e+04
1.832195312500000000e+04
1.831769726562500000e+04
1.835539062500000000e+04
1.831126757812500000e+04
1.832874218750000000e+04
1.829236328125000000e+04
1.834291796875000000e+04
1.831672265625000000e+04
1.833969531250000000e+04
1.832910937500000000e+04
1.830880859375000000e+04
1.832038476562500000e+04
1.834234375000000000e+04
1.831042578125000000e+04
1.830463085937500000e+04
1.830748437500000000e+04
1.831062890625000000e+04
1.832786132812500000e+04
1.830759375000000000e+04
1.833028906250000000e+04
1.827529882812500000e+04
1.831395507812500000e+04
1.830384570312500000e+04
1.829925585937500000e+04
1.832055273437500000e+04
1.830885546875000000e+04
1.831083398437500000e+04
1.831732421875000000e+04
1.832434765625000000e+04
1.832998632812500000e+04
1.837201757812500000e+04
1.829518164062500000e+04
1.828487695312500000e+04
1.832010156250000000e+04
1.832217382812500000e+04
1.833803125000000000e+04
1.832549414062500000e+04
1.831756445312500000e+04
1.833336914062500000e+04
1.830048437500000000e+04
1.830588476562500000e+04
1.830805273437500000e+04
1.831958007812500000e+04
1.833719726562500000e+04
1.831209960937500000e+04
1.832821093750000000e+04
1.832826367187500000e+04
1.828855664062500000e+04
1.829726953125000000e+04
1.829537304687500000e+04
1.835304687500000000e+04
1.830736132812500000e+04
1.833618164062500000e+04
1.834207421875000000e+04
1.829981835937500000e+04
1.831632031250000000e+04
1.831904687500000000e+04
1.829284179687500000e+04
1.830725000000000000e+04
1.831754687500000000e+04
1.834245507812500000e+04
1.831815625000000000e+04
1.831899023437500000e+04
1.831166015625000000e+04
1.833748828125000000e+04
1.831238867187500000e+04
1.832007226562500000e+04
1.826887304687500000e+04
1.834781835937500000e+04
1.831162890625000000e+04
1.834511914062500000e+04
1.829376953125000000e+04
1.830162109375000000e+04
1.831342382812500000e+04
1.832114843750000000e+04
1.826972070312500000e+04
1.830797656250000000e+04
1.832079687500000000e+04
1.833306835937500000e+04
1.833823046875000000e+04
1.834161328125000000e+04
1.833806250000000000e+04
1.829887109375000000e+04
1.829635937500000000e+04
1.828086718750000000e+04
1.831838476562500000e+04
1.832235937500000000e+04
1.828989062500000000e+04
1.831617968750000000e+04
1.831073828125000000e+04
1.832178906250000000e+04
1.833605078125000000e+04
1.832870117187500000e+04
1.829090429687500000e+04
1.830624023437500000e+04
1.831175390625000000e+04
1.831216796875000000e+04
1.832764453125000000e+04
1.835584960937500000e+04
1.835762500000000000e+04
1.834206445312500000e+04
1.828472656250000000e+04
1.828669335937500000e+04
1.831268359375000000e+04
1.832371289062500000e+04
1.833743945312500000e+04
1.830844140625000000e+04
1.832624023437500000e+04
1.831610546875000000e+04
1.832545507812500000e+04
1.831464062500000000e+04
1.835290039062500000e+04
1.830830468750000000e+04
1.828846093750000000e+04
1.831233593750000000e+04
1.830819531250000000e+04
1.831085546875000000e+04
1.833975585937500000e+04
1.832986132812500000e+04
1.828538281250000000e+04
1.835059570312500000e+04
1.832708593750000000e+04
1.835069921875000000e+04
1.832439453125000000e+04
1.830544140625000000e+04
1.833700390625000000e+04
1.830439257812500000e+04
1.834406640625000000e+04
1.833439257812500000e+04
1.833072070312500000e+04
1.834101171875000000e+04
1.832066210937500000e+04
1.833394921875000000e+04
1.832012109375000000e+04
1.833519531250000000e+04
1.830959570312500000e+04
1.831175195312500000e+04
1.830962890625000000e+04
1.829583789062500000e+04
1.834060937500000000e+04
1.834887109375000000e+04
1.831786914062500000e+04
1.828993750000000000e+04
1.831378125000000000e+04
1.831849414062500000e+04
1.830625195312500000e+04
1.832701367187500000e+04
1.829497851562500000e+04
1.833674804687500000e+04
1.833836132812500000e+04
1.830499804687500000e+04
1.834062695312500000e+04
1.831286523437500000e+04
1.829030078125000000e+04
1.831712500000000000e+04
1.832084570312500000e+04
1.830911523437500000e+04
1.831435351562500000e+04
1.833589843750000000e+04
1.829855664062500000e+04
1.828451367187500000e+04
1.832219531250000000e+04
1.829979687500000000e+04
1.832537890625000000e+04
1.830732421875000000e+04
1.830997656250000000e+04
1.830210742187500000e+04
1.832248828125000000e+04
1.830146093750000000e+04
1.830272265625000000e+04
1.832248242187500000e+04
1.836730859375000000e+04
1.833181250000000000e+04
1.832865429687500000e+04
1.831895507812500000e+04
1.833547656250000000e+04
1.831768359375000000e+04
1.834054687500000000e+04
1.830075195312500000e+04
1.831024218750000000e+04
1.834766406250000000e+04
1.834484375000000000e+04
1.832999218750000000e+04
1.830402539062500000e+04
1.829249609375000000e+04
1.834846289062500000e+04
1.832104492187500000e+04
1.830372656250000000e+04
1.832882226562500000e+04
1.830516015625000000e+04
1.832926953125000000e+04
1.830267187500000000e+04
1.833510156250000000e+04
1.830542968750000000e+04
1.830644921875000000e+04
1.828790625000000000e+04
1.830047265625000000e+04
1.829993554687500000e+04
1.835817968750000000e+04
1.830915429687500000e+04
1.828160742187500000e+04
1.831649218750000000e+04
1.831939062500000000e+04
1.830394726562500000e+04
1.833413085937500000e+04
1.831448242187500000e+04
1.830446484375000000e+04
1.831568359375000000e+04
1.829875585937500000e+04
1.827599609375000000e+04
1.831201171875000000e+04
1.832953320312500000e+04
1.832361914062500000e+04
1.831482226562500000e+04
1.833642578125000000e+04
1.831757421875000000e+04
1.829879296875000000e+04
1.830458398437500000e+04
1.828542968750000000e+04
1.831119531250000000e+04
1.825718554687500000e+04
1.831233203125000000e+04
1.830190625000000000e+04
1.832433398437500000e+04
1.830892578125000000e+04
1.832417578125000000e+04
1.832644531250000000e+04
1.833045507812500000e+04
1.833707226562500000e+04
1.829628906250000000e+04
1.828918945312500000e+04
1.832738671875000000e+04
1.832618554687500000e+04
1.835089648437500000e+04
1.827796679687500000e+04
1.829326171875000000e+04
1.832904492187500000e+04
1.826139843750000000e+04
1.833105078125000000e+04
1.830121093750000000e+04
1.833358007812500000e+04
1.834025585937500000e+04
1.830010742187500000e+04
1.831625390625000000e+04
1.831896289062500000e+04
1.829331640625000000e+04
1.831751757812500000e+04
1.834164648437500000e+04
1.832555859375000000e+04
1.835090820312500000e+04
1.830352343750000000e+04
1.832897656250000000e+04
1.828576562500000000e+04
1.831648828125000000e+04
1.836009960937500000e+04
1.830997656250000000e+04
1.832552343750000000e+04
1.831601367187500000e+04
1.830627539062500000e+04
1.828458789062500000e+04
1.829961523437500000e+04
1.830530078125000000e+04
1.829795703125000000e+04
1.831948632812500000e+04
1.830805664062500000e+04
1.832676757812500000e+04
1.829270898437500000e+04
1.829331054687500000e+04
1.831960742187500000e+04
1.830286328125000000e+04
1.830946093750000000e+04
1.835442382812500000e+04
1.832948828125000000e+04
1.832972656250000000e+04
1.833107812500000000e+04
1.831161328125000000e+04
1.833176367187500000e+04
1.833406250000000000e+04
1.834212304687500000e+04
1.830533203125000000e+04
1.829461523437500000e+04
1.832516406250000000e+04
1.832878710937500000e+04
1.831141015625000000e+04
1.831360156250000000e+04
1.831044140625000000e+04
1.828470507812500000e+04
1.832178320312500000e+04
1.827720312500000000e+04
1.830070898437500000e+04
1.829928906250000000e+04
1.831760351562500000e+04
1.831082226562500000e+04
1.837081835937500000e+04
1.831449023437500000e+04
1.832091210937500000e+04
1.830941210937500000e+04
1.829464648437500000e+04
1.830354882812500000e+04
1.831235351562500000e+04
1.829708398437500000e+04
1.833178320312500000e+04
1.831876757812500000e+04
1.830465234375000000e+04
1.830053320312500000e+04
1.830696093750000000e+04
1.834600976562500000e+04
1.831414453125000000e+04
1.831846289062500000e+04
1.830315234375000000e+04
1.832309179687500000e+04
1.833266601562500000e+04
1.831218554687500000e+04
1.831840820312500000e+04
1.830747656250000000e+04
1.830970703125000000e+04
1.831330859375000000e+04
1.829956640625000000e+04
1.832725390625000000e+04
1.832500000000000000e+04
1.829103515625000000e+04
1.829023242187500000e+04
1.832184570312500000e+04
1.834896289062500000e+04
1.834140625000000000e+04
1.830447265625000000e+04
1.832404296875000000e+04
1.828587890625000000e+04
1.830928906250000000e+04
1.831100000000000000e+04
1.833767187500000000e+04
1.830824804687500000e+04
1.832451953125000000e+04
1.834183007812500000e+04
1.831079492187500000e+04
1.829631640625000000e+04
1.832890039062500000e+04
1.831973046875000000e+04
1.829869335937500000e+04
1.828474414062500000e+04
1.832931250000000000e+04
1.830402929687500000e+04
1.831330664062500000e+04
1.831977343750000000e+04
1.829749609375000000e+04
1.831195898437500000e+04
1.831456835937500000e+04
1.830273242187500000e+04
1.830876171875000000e+04
1.827296093750000000e+04
1.831489453125000000e+04
1.830735742187500000e+04
1.828763867187500000e+04
1.831687695312500000e+04
1.832257226562500000e+04
1.831784960937500000e+04
1.831160937500000000e+04
1.833149414062500000e+04
1.829800390625000000e+04
1.834503320312500000e+04
1.831314257812500000e+04
1.834152929687500000e+04
1.830339648437500000e+04
1.831880273437500000e+04
1.832337109375000000e+04
1.832097656250000000e+04
1.832441796875000000e+04
1.832990234375000000e+04
1.828606835937500000e+04
1.834268554687500000e+04
1.832400781250000000e+04
1.830206250000000000e+04
1.830327539062500000e+04
1.829942382812500000e+04
1.830805664062500000e+04
1.828794726562500000e+04
1.832350390625000000e+04
1.830527734375000000e+04
1.832902148437500000e+04
1.830108593750000000e+04
1.831133007812500000e+04
1.833412304687500000e+04
1.831800390625000000e+04
1.827548242187500000e+04
1.830592187500000000e+04
1.833821679687500000e+04
1.831758593750000000e+04
1.835324218750000000e+04
1.832389257812500000e+04
1.829913281250000000e+04
1.829724804687500000e+04
1.835147265625000000e+04
1.831518750000000000e+04
1.834336523437500000e+04
1.834074023437500000e+04
1.829952148437500000e+04
1.829821484375000000e+04
1.837166796875000000e+04
1.835462500000000000e+04
1.833610156250000000e+04
1.829763476562500000e+04
1.832807421875000000e+04
1.832326953125000000e+04
1.830341992187500000e+04
1.834478710937500000e+04
1.830194140625000000e+04
1.832617578125000000e+04
1.828883593750000000e+04
1.831847851562500000e+04
1.831191406250000000e+04
1.828468554687500000e+04
1.831398242187500000e+04
1.828907421875000000e+04
1.829931835937500000e+04
1.833581640625000000e+04
1.834447460937500000e+04
1.832456054687500000e+04
1.830631250000000000e+04
1.827438281250000000e+04
1.831321093750000000e+04
1.829926562500000000e+04
1.831561523437500000e+04
1.831512304687500000e+04
1.833434570312500000e+04
1.831756445312500000e+04
1.829283007812500000e+04
1.830531640625000000e+04
1.830148046875000000e+04
1.829285742187500000e+04
1.827596484375000000e+04
1.832381835937500000e+04
1.832107617187500000e+04
1.832512109375000000e+04
1.831306835937500000e+04
1.832037500000000000e+04
1.828672656250000000e+04
1.829253320312500000e+04
1.829574804687500000e+04
1.832615429687500000e+04
1.832248437500000000e+04
1.830249804687500000e+04
1.831523632812500000e+04
1.832795703125000000e+04
1.830088867187500000e+04
1.830491015625000000e+04
1.828735546875000000e+04
1.832647265625000000e+04
1.831004296875000000e+04
1.834238281250000000e+04
1.827019335937500000e+04
1.830360742187500000e+04
1.832350000000000000e+04
1.831319531250000000e+04
1.830206250000000000e+04
1.832023828125000000e+04
1.832386328125000000e+04
1.830719921875000000e+04
1.829508007812500000e+04
1.829173046875000000e+04
1.832701367187500000e+04
1.829311914062500000e+04
1.831567968750000000e+04
1.827611328125000000e+04
1.830073046875000000e+04
1.833195898437500000e+04
1.829748437500000000e+04
1.831182617187500000e+04
1.828052343750000000e+04
1.828346484375000000e+04
1.827408007812500000e+04
1.823961718750000000e+04
1.825728320312500000e+04
1.825669531250000000e+04
1.826196679687500000e+04
1.822351562500000000e+04
1.823111328125000000e+04
1.821534570312500000e+04
1.822949414062500000e+04
1.821292578125000000e+04
1.819856640625000000e+04
1.822711132812500000e+04
1.821721289062500000e+04
1.823367578125000000e+04
1.821859375000000000e+04
1.818904296875000000e+04
1.821623437500000000e+04
1.821462500000000000e+04
1.819791015625000000e+04
1.821828710937500000e+04
1.822675390625000000e+04
1.820007421875000000e+04
1.819738867187500000e+04
1.821480078125000000e+04
1.819250781250000000e+04
1.823276562500000000e+04
1.819135546875000000e+04
1.820782226562500000e+04
1.825734960937500000e+04
1.815400585937500000e+04
1.821052539062500000e+04
1.817375585937500000e+04
1.818308203125000000e+04
1.821652539062500000e+04
1.822292382812500000e+04
1.818891992187500000e+04
1.822808593750000000e+04
1.818168750000000000e+04
1.822590234375000000e+04
1.821385937500000000e+04
1.819975976562500000e+04
1.817698046875000000e+04
1.819703320312500000e+04
1.820517187500000000e+04
1.819722851562500000e+04
1.814799414062500000e+04
1.819862890625000000e+04
1.820326171875000000e+04
1.821267968750000000e+04
1.818028320312500000e+04
1.821788671875000000e+04
1.820774218750000000e+04
1.820887890625000000e+04
1.816761718750000000e+04
1.819955078125000000e+04
1.820373046875000000e+04
1.818583984375000000e+04
1.815133593750000000e+04
1.820270117187500000e+04
1.819520898437500000e+04
1.817814062500000000e+04
1.816733203125000000e+04
1.816789062500000000e+04
1.821168164062500000e+04
1.822065625000000000e+04
1.818902734375000000e+04
1.816676171875000000e+04
1.817504296875000000e+04
1.815416601562500000e+04
1.818018945312500000e+04
1.815923632812500000e+04
1.816776953125000000e+04
1.819729687500000000e+04
1.819147851562500000e+04
1.816965820312500000e+04
1.820995703125000000e+04
1.820247460937500000e+04
1.821171679687500000e+04
1.817410156250000000e+04
1.816971875000000000e+04
1.820095117187500000e+04
1.819161132812500000e+04
1.817483203125000000e+04
1.819001953125000000e+04
1.817850195312500000e+04
1.819137109375000000e+04
1.818059570312500000e+04
1.819083593750000000e+04
1.817347070312500000e+04
1.818804101562500000e+04
1.818398242187500000e+04
1.822800976562500000e+04
1.820560742187500000e+04
1.815727539062500000e+04
1.818918164062500000e+04
1.819604687500000000e+04
1.818930078125000000e+04
1.818333007812500000e+04
1.815977929687500000e+04
1.820369140625000000e+04
1.820050195312500000e+04
1.818889453125000000e+04
1.821851757812500000e+04
1.817757617187500000e+04
1.823315039062500000e+04
1.820051171875000000e+04
1.824266406250000000e+04
1.819677539062500000e+04
1.817393164062500000e+04
1.819700781250000000e+04
1.820010937500000000e+04
1.818613085937500000e+04
1.817622070312500000e+04
1.824516406250000000e+04
1.820165039062500000e+04
1.819264648437500000e+04
1.816045703125000000e+04
1.821383789062500000e+04
1.822170898437500000e+04
1.818878515625000000e+04
1.821161718750000000e+04
1.820533593750000000e+04
1.819799609375000000e+04
1.822046093750000000e+04
1.822232617187500000e+04
1.822336132812500000e+04
1.819224414062500000e+04
1.819296875000000000e+04
1.816900195312500000e+04
1.821368554687500000e+04
1.822789257812500000e+04
1.820197460937500000e+04
1.818797460937500000e+04
1.822621484375000000e+04
1.818583203125000000e+04
1.818104296875000000e+04
1.821319140625000000e+04
1.819695312500000000e+04
1.819102539062500000e+04
1.819774804687500000e+04
1.817504687500000000e+04
1.822390234375000000e+04
1.819301562500000000e+04
1.818387890625000000e+04
1.822434570312500000e+04
1.820447656250000000e+04
1.821076171875000000e+04
1.822135742187500000e+04
1.822791796875000000e+04
1.821126562500000000e+04
1.822354101562500000e+04
1.821345312500000000e+04
1.819733203125000000e+04
1.822305664062500000e+04
1.821239257812500000e+04
1.821757617187500000e+04
1.823925585937500000e+04
1.824714843750000000e+04
1.824009960937500000e+04
1.828104296875000000e+04
1.826884765625000000e+04
1.829147851562500000e+04
1.828546289062500000e+04
1.827921093750000000e+04
1.830052929687500000e+04
1.829291015625000000e+04
1.831724218750000000e+04
1.826660351562500000e+04
1.830113476562500000e+04
1.832718554687500000e+04
1.831874804687500000e+04
1.830458789062500000e+04
1.829123046875000000e+04
1.829570898437500000e+04
1.832309179687500000e+04
1.832187109375000000e+04
1.831696093750000000e+04
1.830343359375000000e+04
1.830027929687500000e+04
1.830974023437500000e+04
1.831691992187500000e+04
1.831097265625000000e+04
1.835919140625000000e+04
1.833214843750000000e+04
1.833929687500000000e+04
1.829262500000000000e+04
1.830701757812500000e+04
1.831635156250000000e+04
1.831484765625000000e+04
1.832667578125000000e+04
1.829428125000000000e+04
1.831563281250000000e+04
1.831242187500000000e+04
1.833346679687500000e+04
1.829944726562500000e+04
1.831599609375000000e+04
1.832239648437500000e+04
1.830538867187500000e+04
1.832899609375000000e+04
1.830160546875000000e+04
1.830933593750000000e+04
1.828258593750000000e+04
1.829469921875000000e+04
1.830737890625000000e+04
1.831961914062500000e+04
1.831322656250000000e+04
1.832978125000000000e+04
1.830466601562500000e+04
1.831724609375000000e+04
1.828505664062500000e+04
1.832904101562500000e+04
1.831643164062500000e+04
1.830969335937500000e+04
1.832414843750000000e+04
1.831412890625000000e+04
1.828309765625000000e+04
1.831177734375000000e+04
1.830060937500000000e+04
1.834665625000000000e+04
1.833527148437500000e+04
1.828478125000000000e+04
1.832409375000000000e+04
1.834346289062500000e+04
1.831038281250000000e+04
1.830783398437500000e+04
1.829704687500000000e+04
1.830717773437500000e+04
1.831097851562500000e+04
1.830977539062500000e+04
1.828761914062500000e+04
1.829152343750000000e+04
1.830859179687500000e+04
1.829267187500000000e+04
1.830979296875000000e+04
1.829950976562500000e+04
1.831242578125000000e+04
1.832158398437500000e+04
1.831349218750000000e+04
1.834190234375000000e+04
1.831775390625000000e+04
1.830901953125000000e+04
1.833275781250000000e+04
1.831313085937500000e+04
1.832110156250000000e+04
1.833241601562500000e+04
1.829966992187500000e+04
1.834654687500000000e+04
1.834650195312500000e+04
1.830578515625000000e+04
1.829238085937500000e+04
1.830209960937500000e+04
1.832144140625000000e+04
1.830284960937500000e+04
1.835168750000000000e+04
1.830154296875000000e+04
1.833034765625000000e+04
1.828830273437500000e+04
1.827553320312500000e+04
1.835275390625000000e+04
1.835302539062500000e+04
1.832470507812500000e+04
1.834453710937500000e+04
1.828183984375000000e+04
1.829326367187500000e+04
1.831419726562500000e+04
1.831874414062500000e+04
1.835615625000000000e+04
1.830934375000000000e+04
1.833029882812500000e+04
1.832129101562500000e+04
1.833951953125000000e+04
1.833743945312500000e+04
1.831548632812500000e+04
1.833631250000000000e+04
1.826691601562500000e+04
1.831221093750000000e+04
1.829688867187500000e+04
1.829349414062500000e+04
1.832992773437500000e+04
1.832501757812500000e+04
1.832593164062500000e+04
1.833951757812500000e+04
1.832057617187500000e+04
1.832522656250000000e+04
1.830579101562500000e+04
1.832054492187500000e+04
1.833860546875000000e+04
1.831629882812500000e+04
1.829214843750000000e+04
1.830280273437500000e+04
1.835710742187500000e+04
1.830063085937500000e+04
1.834765429687500000e+04
1.833594726562500000e+04
1.836176367187500000e+04
1.834351757812500000e+04
1.829633398437500000e+04
1.832111914062500000e+04
1.832083984375000000e+04
1.830076367187500000e+04
1.831023828125000000e+04
1.829808789062500000e+04
1.829332031250000000e+04
1.830262304687500000e+04
1.831360742187500000e+04
1.833593164062500000e+04
1.830534179687500000e+04
1.829735546875000000e+04
1.831572851562500000e+04
1.830578515625000000e+04
1.831320507812500000e+04
1.833336914062500000e+04
1.831187500000000000e+04
1.831693945312500000e+04
1.832615429687500000e+04
1.831420507812500000e+04
1.831870703125000000e+04
1.833964648437500000e+04
1.829745703125000000e+04
1.829913867187500000e+04
1.829414062500000000e+04
1.833130078125000000e+04
1.833022656250000000e+04
1.830801953125000000e+04
1.835134375000000000e+04
1.828143164062500000e+04
1.830466210937500000e+04
1.830414843750000000e+04
1.831178125000000000e+04
1.829262890625000000e+04
1.832112304687500000e+04
1.829831835937500000e+04
1.832317968750000000e+04
1.830459765625000000e+04
1.828774414062500000e+04
1.831301562500000000e+04
1.831398046875000000e+04
1.828270898437500000e+04
1.829890234375000000e+04
1.830122656250000000e+04
1.830172656250000000e+04
1.829675976562500000e+04
1.832933203125000000e+04
1.832357031250000000e+04
1.836567968750000000e+04
1.830831054687500000e+04
1.829031640625000000e+04
1.829456835937500000e+04
1.832387500000000000e+04
1.831385937500000000e+04
1.828096093750000000e+04
1.833455078125000000e+04
1.831081640625000000e+04
1.829988867187500000e+04
1.828529492187500000e+04
1.832954687500000000e+04
1.829293359375000000e+04
1.833371679687500000e+04
1.834083984375000000e+04
1.830485742187500000e+04
1.828684375000000000e+04
1.835011132812500000e+04
1.830364257812500000e+04
1.833457031250000000e+04
1.832119921875000000e+04
1.828916992187500000e+04
1.832962109375000000e+04
1.833504101562500000e+04
1.828823046875000000e+04
1.828943164062500000e+04
1.829785937500000000e+04
1.829574609375000000e+04
1.830292578125000000e+04
1.830561914062500000e+04
1.832989453125000000e+04
1.832229882812500000e+04
1.829338476562500000e+04
1.832927148437500000e+04
1.832308593750000000e+04
1.831481250000000000e+04
1.830516796875000000e+04
1.832258789062500000e+04
1.832410351562500000e+04
1.830617187500000000e+04
1.831013476562500000e+04
1.831946875000000000e+04
1.831577148437500000e+04
1.832380664062500000e+04
1.833677734375000000e+04
1.827721679687500000e+04
1.833371289062500000e+04
1.832116601562500000e+04
1.831002929687500000e+04
1.831400781250000000e+04
1.830187304687500000e+04
1.830032031250000000e+04
1.832424804687500000e+04
1.832538085937500000e+04
1.828130273437500000e+04
1.830212890625000000e+04
1.830467773437500000e+04
1.832689648437500000e+04
1.829425000000000000e+04
1.830477343750000000e+04
1.831144921875000000e+04
1.829711523437500000e+04
