1.936379406580745126e+03
1.936380795460185027e+03
1.936382184340090362e+03
1.936383573219995924e+03
1.936384962099435597e+03
1.936386350979340932e+03
1.936387739859246494e+03
1.936389128738687532e+03
1.936390517618594458e+03
1.936391906498499793e+03
1.936393295377939467e+03
1.936394684257845029e+03
1.936396073137750363e+03
1.936397462017190264e+03
1.936398850897096281e+03
1.936400239777002298e+03
1.936401628656442199e+03
1.936403017536347534e+03
1.936404406415787435e+03
1.936405795295692769e+03
1.936407184175132443e+03
1.936408573055037778e+03
1.936409961934944022e+03
1.936411350814384605e+03
1.936412739694289940e+03
1.936414128573729613e+03
1.936415517453634948e+03
1.936416906333074849e+03
1.936418295212980183e+03
1.936419684092420084e+03
1.936421072972326101e+03
1.936422461851766457e+03
1.936423850731672019e+03
1.936425239611112374e+03
1.936426628491018619e+03
1.936428017370458292e+03
1.936429406250363627e+03
1.936430795129803528e+03
1.936432184009709545e+03
1.936433572889150128e+03
1.936434961769055462e+03
1.936436350648495136e+03
1.936437739528400698e+03
1.936439128407840371e+03
1.936440517287280272e+03
1.936441906167185607e+03
1.936443295046626190e+03
1.936444683926532207e+03
1.936446072805971880e+03
1.936447461685411781e+03
1.936448850565317116e+03
1.936450239444756789e+03
1.936451628324662124e+03
1.936453017204102707e+03
1.936454406083543290e+03
1.936455794963448625e+03
1.936457183842888298e+03
1.936458572722327972e+03
1.936459961602233534e+03
1.936461350481673207e+03
1.936462739361113563e+03
1.936464128241020489e+03
1.936465517120460845e+03
1.936466905999900746e+03
1.936468294879806308e+03
1.936469683759245981e+03
1.936471072638685655e+03
1.936472461518590990e+03
1.936473850398030891e+03
1.936475239277471246e+03
1.936476628156911829e+03
1.936478017036817164e+03
1.936479405916256837e+03
1.936480794795696738e+03
1.936482183675136412e+03
1.936483572555041974e+03
1.936484961434481647e+03
1.936486350313922230e+03
1.936487739193362586e+03
1.936489128072802259e+03
1.936490516952707821e+03
1.936491905832147495e+03
1.936493294711587168e+03
1.936494683591026842e+03
1.936496072470466743e+03
1.936497461349907098e+03
1.936498850229814025e+03
1.936500239109254380e+03
1.936501627988694054e+03
1.936503016868133955e+03
1.936504405747573855e+03
1.936505794627013529e+03
1.936507183506453202e+03
1.936508572386359447e+03
1.936509961265799802e+03
1.936511350145239703e+03
1.936512739024679377e+03
1.936514127904119050e+03
1.936515516783558724e+03
1.936516905662998624e+03
1.936518294542438980e+03
1.936519683421879563e+03
1.936521072301319236e+03
1.936522461180758910e+03
1.936523850060198811e+03
1.936525238939638484e+03
1.936526627819078385e+03
1.936528016698518059e+03
1.936529405577958642e+03
1.936530794457398997e+03
1.936532183336838671e+03
1.936533572216278571e+03
1.936534961095718245e+03
1.936536349975158601e+03
1.936537738854598956e+03
1.936539127734038857e+03
1.936540516613479213e+03
1.936541905492919796e+03
1.936543294372359469e+03
1.936544683251799142e+03
1.936546072131239043e+03
1.936547461010678944e+03
1.936548849890118618e+03
1.936550238769558291e+03
1.936551627648998874e+03
1.936553016528439230e+03
1.936554405407879131e+03
1.936555794287318804e+03
1.936557183166292816e+03
1.936558572045732490e+03
1.936559960925172390e+03
1.936561349804612064e+03
1.936562738684052420e+03
1.936564127563493003e+03
1.936565516442932676e+03
1.936566905321906916e+03
1.936568294201346589e+03
1.936569683080786490e+03
1.936571071960226163e+03
1.936572460839666746e+03
1.936573849719107784e+03
1.936575238598082478e+03
1.936576627477522379e+03
1.936578016356962053e+03
1.936579405236401726e+03
1.936580794115841400e+03
1.936582182994815639e+03
1.936583571874255995e+03
1.936584960753696578e+03
1.936586349633136251e+03
1.936587738512110263e+03
1.936589127391550164e+03
1.936590516270990065e+03
1.936591905150429739e+03
1.936593294029403751e+03
1.936594682908844334e+03
1.936596071788284689e+03
1.936597460667258929e+03
1.936598849546698602e+03
1.936600238426138276e+03
1.936601627305112288e+03
1.936603016184552189e+03
1.936604405063991862e+03
1.936605793942966557e+03
1.936607182822407140e+03
1.936608571701846813e+03
1.936609960580821053e+03
1.936611349460261408e+03
1.936612738339701991e+03
1.936614127218676003e+03
1.936615516098115677e+03
1.936616904977556260e+03
1.936618293856530954e+03
1.936619682735970855e+03
1.936621071614944867e+03
1.936622460494384541e+03
1.936623849373358553e+03
1.936625238252798454e+03
1.936626627132238809e+03
1.936628016011213731e+03
1.936629404890653404e+03
1.936630793769627417e+03
1.936632182649067317e+03
1.936633571528041557e+03
1.936634960407481231e+03
1.936636349286455243e+03
1.936637738165895826e+03
1.936639127044870520e+03
1.936640515924310421e+03
1.936641904803284433e+03
1.936643293682724106e+03
1.936644682561698119e+03
1.936646071441138020e+03
1.936647460320112032e+03
1.936648849199553297e+03
1.936650238078528673e+03
1.936651626957968347e+03
1.936653015836942586e+03
1.936654404716382260e+03
1.936655793595356499e+03
1.936657182474330511e+03
1.936658571353770185e+03
1.936659960232745107e+03
1.936661349112185462e+03
1.936662737991159702e+03
1.936664126870133714e+03
1.936665515749573387e+03
1.936666904628547627e+03
1.936668293507987300e+03
1.936669682386961540e+03
1.936671071265936234e+03
1.936672460145376590e+03
1.936673849024350602e+03
1.936675237903324842e+03
1.936676626782764743e+03
1.936678015661738755e+03
1.936679404540712767e+03
1.936680793420152440e+03
1.936682182299127362e+03
1.936683571178102284e+03
1.936684960057541957e+03
1.936686348936515969e+03
1.936687737815490891e+03
1.936689126694465585e+03
1.936690515573905259e+03
1.936691904452879953e+03
1.936693293331854875e+03
1.936694682210828887e+03
1.936696071090268788e+03
1.936697459969242800e+03
1.936698848848217040e+03
1.936700237727191052e+03
1.936701626606630725e+03
1.936703015485605647e+03
1.936704404364580341e+03
1.936705793243554581e+03
1.936707182122528593e+03
1.936708571001968267e+03
1.936709959880942506e+03
1.936711348759916518e+03
1.936712737638890758e+03
1.936714126517865452e+03
1.936715515396840146e+03
1.936716904275814159e+03
1.936718293155254059e+03
1.936719682034228299e+03
1.936721070913202311e+03
1.936722459792176323e+03
1.936723848671150336e+03
1.936725237550125939e+03
1.936726626429101543e+03
1.936728015308075555e+03
1.936729404187049568e+03
1.936730793066489241e+03
1.936732181945463481e+03
1.936733570824437493e+03
1.936734959703411732e+03
1.936736348582386427e+03
1.936737737461361121e+03
1.936739126340335361e+03
1.936740515219309373e+03
1.936741904098283612e+03
1.936743292977257624e+03
1.936744681856231637e+03
1.936746070735206558e+03
1.936747459614181253e+03
1.936748848493155492e+03
1.936750237372129504e+03
1.936751626251103517e+03
1.936753015130077756e+03
1.936754404009051768e+03
1.936755792888026008e+03
1.936757181767000702e+03
1.936758570645975396e+03
1.936759959524949409e+03
1.936761348403923648e+03
1.936762737282897888e+03
1.936764126161406921e+03
1.936765515040381615e+03
1.936766903919355627e+03
1.936768292798330549e+03
1.936769681677305471e+03
1.936771070556279483e+03
1.936772459435253495e+03
1.936773848314227507e+03
1.936775237193201747e+03
1.936776626071710098e+03
1.936778014950684337e+03
1.936779403829659032e+03
1.936780792708633726e+03
1.936782181587607965e+03
1.936783570466581978e+03
1.936784959345090556e+03
1.936786348224064568e+03
1.936787737103038580e+03
1.936789125982012820e+03
1.936790514860987514e+03
1.936791903739962436e+03
1.936793292618470787e+03
1.936794681497444799e+03
1.936796070376419038e+03
1.936797459255393051e+03
1.936798848133901629e+03
1.936800237012875641e+03
1.936801625891850335e+03
1.936803014770825939e+03
1.936804403649334972e+03
1.936805792528309212e+03
1.936807181407283224e+03
1.936808570285791575e+03
1.936809959164765587e+03
1.936811348043740509e+03
1.936812736922715430e+03
1.936814125801223781e+03
1.936815514680197793e+03
1.936816903559171806e+03
1.936818292437680384e+03
1.936819681316654624e+03
1.936821070195628636e+03
1.936822459074137669e+03
1.936823847953112363e+03
1.936825236832086603e+03
1.936826625710594953e+03
1.936828014589569193e+03
1.936829403468077544e+03
1.936830792347051556e+03
1.936832181226025796e+03
1.936833570104534829e+03
1.936834958983509750e+03
1.936836347862018101e+03
1.936837736740992113e+03
1.936839125619500692e+03
1.936840514498474704e+03
1.936841903377449398e+03
1.936843292255958659e+03
1.936844681134933580e+03
1.936846070013442613e+03
1.936847458892416626e+03
1.936848847770925204e+03
1.936850236649899216e+03
1.936851625528407567e+03
1.936853014407381579e+03
1.936854403285890157e+03
1.936855792164864852e+03
1.936857181043374112e+03
1.936858569922348124e+03
1.936859958800856475e+03
1.936861347679830715e+03
1.936862736558339293e+03
1.936864125437313305e+03
1.936865514315822338e+03
1.936866903194331371e+03
1.936868292073305611e+03
1.936869680951813962e+03
1.936871069830788201e+03
1.936872458709296552e+03
1.936873847588270564e+03
1.936875236466779143e+03
1.936876625345288176e+03
1.936878014224263097e+03
1.936879403102771448e+03
1.936880791981280709e+03
1.936882180860255403e+03
1.936883569738763754e+03
1.936884958617272332e+03
1.936886347496246344e+03
1.936887736374755605e+03
1.936889125253264638e+03
1.936890514132238650e+03
1.936891903010747228e+03
1.936893291889255579e+03
1.936894680768229591e+03
1.936896069646737942e+03
1.936897458525246520e+03
1.936898847404221215e+03
1.936900236282730475e+03
1.936901625161238826e+03
1.936903014039747177e+03
1.936904402918721416e+03
1.936905791797229995e+03
1.936907180675738346e+03
1.936908569554246696e+03
1.936909958433221618e+03
1.936911347311730651e+03
1.936912736190239002e+03
1.936914125068747580e+03
1.936915513947255931e+03
1.936916902826229943e+03
1.936918291704738522e+03
1.936919680583246873e+03
1.936921069461756815e+03
1.936922458340266530e+03
1.936923847219240542e+03
1.936925236097749121e+03
1.936926624976257472e+03
1.936928013854766050e+03
1.936929402733274401e+03
1.936930791611783661e+03
1.936932180490292694e+03
1.936933569369266706e+03
1.936934958247775285e+03
1.936936347126283636e+03
1.936937736004791986e+03
1.936939124883300337e+03
1.936940513761808916e+03
1.936941902640317949e+03
1.936943291518827209e+03
1.936944680397335560e+03
1.936946069275843911e+03
1.936947458154352489e+03
1.936948847032861067e+03
1.936950235911369418e+03
1.936951624789877769e+03
1.936953013668387030e+03
1.936954402546896063e+03
1.936955791425404414e+03
1.936957180303912992e+03
1.936958569182421343e+03
1.936959958060930603e+03
1.936961346939439636e+03
1.936962735817947987e+03
1.936964124696457020e+03
1.936965513574966280e+03
1.936966902453474631e+03
1.936968291331983210e+03
1.936969680210491561e+03
1.936971069089000139e+03
1.936972457967508490e+03
1.936973846846016841e+03
1.936975235724526101e+03
1.936976624603035134e+03
1.936978013481543712e+03
1.936979402360052063e+03
1.936980791238560414e+03
1.936982180116603104e+03
1.936983568995111682e+03
1.936984957873620715e+03
1.936986346752129975e+03
1.936987735630638326e+03
1.936989124509146677e+03
1.936990513387655255e+03
1.936991902265698172e+03
1.936993291144206523e+03
1.936994680022714874e+03
1.936996068901224135e+03
1.936997457779733168e+03
1.936998846658241519e+03
1.937000235536284890e+03
1.937001624414794151e+03
1.937003013293302502e+03
1.937004402171811080e+03
1.937005791049853769e+03
1.937007179928362802e+03
1.937008568806872063e+03
1.937009957685380414e+03
1.937011346563423331e+03
1.937012735441931682e+03
1.937014124320440260e+03
1.937015513198948611e+03
1.937016902076991300e+03
1.937018290955500561e+03
1.937019679834009594e+03
1.937021068712052511e+03
1.937022457590560862e+03
1.937023846469069213e+03
1.937025235347577564e+03
1.937026624225620481e+03
1.937028013104129059e+03
1.937029401982638092e+03
1.937030790860681464e+03
1.937032179739189814e+03
1.937033568617232731e+03
1.937034957495741310e+03
1.937036346374249661e+03
1.937037735252292350e+03
1.937039124130800701e+03
1.937040513009310644e+03
1.937041901887354925e+03
1.937043290765863276e+03
1.937044679643905965e+03
1.937046068522414316e+03
1.937047457400457233e+03
1.937048846278965584e+03
1.937050235157474617e+03
1.937051624035518216e+03
1.937053012914026567e+03
1.937054401792069484e+03
1.937055790670577835e+03
1.937057179548620752e+03
1.937058568427129103e+03
1.937059957305171793e+03
1.937061346183681053e+03
1.937062735061724425e+03
1.937064123940233003e+03
1.937065512818275693e+03
1.937066901696784043e+03
1.937068290574826733e+03
1.937069679453335311e+03
1.937071068331378228e+03
1.937072457209887261e+03
1.937073846087930633e+03
1.937075234965973323e+03
1.937076623844481901e+03
1.937078012722524818e+03
1.937079401601033169e+03
1.937080790479076541e+03
1.937082179357119912e+03
1.937083568235629173e+03
1.937084957113672772e+03
1.937086345992181123e+03
1.937087734870223812e+03
1.937089123748266502e+03
1.937090512626775080e+03
1.937091901504817770e+03
1.937093290382860687e+03
1.937094679261369720e+03
1.937096068139413092e+03
1.937097457017456009e+03
1.937098845895964359e+03
1.937100234774007276e+03
1.937101623652049966e+03
1.937103012530558317e+03
1.937104401408601916e+03
1.937105790286645288e+03
1.937107179165153866e+03
1.937108568043196556e+03
1.937109956921239245e+03
1.937111345799281935e+03
1.937112734677790513e+03
1.937114123555833430e+03
1.937115512433876802e+03
1.937116901311920174e+03
1.937118290190428525e+03
1.937119679068471441e+03
1.937121067946514358e+03
1.937122456824557730e+03
1.937123845702601102e+03
1.937125234581109453e+03
1.937126623459153052e+03
1.937128012337196651e+03
1.937129401215239341e+03
1.937130790093282030e+03
1.937132178971324720e+03
1.937133567849833298e+03
1.937134956727875988e+03
1.937136345605918905e+03
1.937137734483962276e+03
1.937139123362005648e+03
1.937140512240048565e+03
1.937141901118091255e+03
1.937143289996134172e+03
1.937144678874642523e+03
1.937146067752685212e+03
1.937147456630728129e+03
1.937148845508771501e+03
1.937150234386815100e+03
1.937151623264857790e+03
1.937153012142900479e+03
1.937154401020943169e+03
1.937155789898986086e+03
1.937157178777029003e+03
1.937158567655071693e+03
1.937159956533115064e+03
1.937161345411158436e+03
1.937162734289202035e+03
1.937164123167245634e+03
1.937165512045288324e+03
1.937166900923331013e+03
1.937168289801373703e+03
1.937169678679417302e+03
1.937171067557460901e+03
1.937172456435503591e+03
1.937173845313546281e+03
1.937175234191588970e+03
1.937176623069631887e+03
1.937178011947674577e+03
1.937179400825717494e+03
1.937180789703760865e+03
1.937182178581804237e+03
1.937183567459847154e+03
1.937184956337424182e+03
1.937186345215467099e+03
1.937187734093509789e+03
1.937189122971552479e+03
1.937190511849595396e+03
1.937191900727638767e+03
1.937193289605682367e+03
1.937194678483725056e+03
1.937196067361302084e+03
1.937197456239344774e+03
1.937198845117387691e+03
1.937200233995430608e+03
1.937201622873473298e+03
1.937203011751516669e+03
1.937204400629095289e+03
1.937205789507138661e+03
1.937207178385181578e+03
1.937208567263224268e+03
1.937209956140801296e+03
1.937211345018843986e+03
1.937212733896886903e+03
1.937214122774930274e+03
1.937215511652973873e+03
1.937216900530550902e+03
1.937218289408593591e+03
1.937219678286636508e+03
1.937221067164213537e+03
1.937222456042256454e+03
1.937223844920299825e+03
1.937225233798343197e+03
1.937226622675920453e+03
1.937228011553963142e+03
1.937229400432006059e+03
1.937230789309583088e+03
1.937232178187625777e+03
1.937233567065668694e+03
1.937234955943246405e+03
1.937236344821290004e+03
1.937237733699332694e+03
1.937239122576909722e+03
1.937240511454952411e+03
1.937241900332529667e+03
1.937243289210572584e+03
1.937244678088615274e+03
1.937246066966193666e+03
1.937247455844237720e+03
1.937248844721814976e+03
1.937250233599857893e+03
1.937251622477900582e+03
1.937253011355477611e+03
1.937254400233520300e+03
1.937255789111097556e+03
1.937257177989140928e+03
1.937258566866718866e+03
1.937259955744761555e+03
1.937261344622338584e+03
1.937262733500381501e+03
1.937264122377958529e+03
1.937265511256001446e+03
1.937266900133578474e+03
1.937268289011622073e+03
1.937269677889199784e+03
1.937271066767242473e+03
1.937272455644819729e+03
1.937273844522862419e+03
1.937275233400439447e+03
1.937276622278482364e+03
1.937278011156059392e+03
1.937279400034102764e+03
1.937280788911680702e+03
1.937282177789723391e+03
1.937283566667300420e+03
1.937284955544877675e+03
1.937286344422920592e+03
1.937287733300498303e+03
1.937289122178542584e+03
1.937290511056120295e+03
1.937291899933697323e+03
1.937293288811740240e+03
1.937294677689317268e+03
1.937296066566894297e+03
1.937297455444936986e+03
1.937298844322514242e+03
1.952070776347696892e+03
1.952072165197334471e+03
1.952073554046971822e+03
1.952074942896609173e+03
1.952076331746247433e+03
1.952077720595885467e+03
1.952079109445523045e+03
1.952080498295160396e+03
1.952081887145263408e+03
1.952083275994900987e+03
1.952084664844538338e+03
1.952086053694175916e+03
1.952087442543813950e+03
1.952088831393451983e+03
1.952090220243089334e+03
1.952091609092726912e+03
1.952092997942363581e+03
1.952094386792000478e+03
1.952095775641637829e+03
1.952097164491275180e+03
1.952098553340913440e+03
1.952099942190551474e+03
1.952101331040189052e+03
1.952102719889826403e+03
1.952104108739463754e+03
1.952105497589101333e+03
1.952106886438273023e+03
1.952108275287911056e+03
1.952109664137549316e+03
1.952111052987186667e+03
1.952112441836824246e+03
1.952113830686461597e+03
1.952116608385736527e+03
1.952117997235373878e+03
1.952119386085011229e+03
1.952120774934183146e+03
1.952122163783820724e+03
1.952123552633458075e+03
1.952124941483095427e+03
1.952126330332732778e+03
1.952127719182370356e+03
1.952129108032007707e+03
1.952130496881180079e+03
1.952131885730818340e+03
1.952133274580455691e+03
1.952134663430093269e+03
1.952136052279730620e+03
1.952137441128902537e+03
1.952138829978539889e+03
1.952140218828177240e+03
1.952141607677815500e+03
1.952142996526987872e+03
1.952144385376625451e+03
1.952145774226262802e+03
1.952147163075899471e+03
1.952148551925070478e+03
1.952149940774708057e+03
1.952151329624345635e+03
1.952152718473983668e+03
1.952154107323156040e+03
1.952155496172793391e+03
1.952156885022430970e+03
1.952158273871602660e+03
1.952159662721240238e+03
1.952161051570877589e+03
1.952162440420050189e+03
1.952163829269688222e+03
1.952165218119325573e+03
1.952166606968497490e+03
1.952167995818134841e+03
1.952169384667772192e+03
1.952170773516944109e+03
1.952172162366581460e+03
1.952173551215753378e+03
1.952174940065390729e+03
1.952176328915028080e+03
1.952177717764199770e+03
1.952179106613837348e+03
1.952180495463009265e+03
1.952181884312646616e+03
1.952184662011456567e+03
1.952186050861094600e+03
1.952187439710266517e+03
1.952188828559903868e+03
1.952190217409075558e+03
1.952191606258712909e+03
1.952192995107884826e+03
1.952194383957522177e+03
1.952195772806694549e+03
1.952197161656332810e+03
1.952198550505504500e+03
1.952199939355141396e+03
1.952201328204312404e+03
1.952202717053949982e+03
1.952204105903121672e+03
1.952205494752759023e+03
1.952206883601931622e+03
1.952208272451103994e+03
1.952209661300741573e+03
1.952211050149913262e+03
1.952212438999550614e+03
1.952213827848722303e+03
1.952215216697894220e+03
1.952216605547531572e+03
1.952217994396703943e+03
1.952219383246342204e+03
1.952220772095513894e+03
1.952222160944685811e+03
1.952223549794323162e+03
1.952224938643495079e+03
1.952226327492666769e+03
1.952227716342304120e+03
1.952229105191476037e+03
1.952230494040647727e+03
1.952231882890285306e+03
1.952233271739456995e+03
1.952234660588628685e+03
1.952236049438266036e+03
1.952237438287437953e+03
1.952238827136610325e+03
1.952240215986248586e+03
1.952241604835420276e+03
1.952242993684591966e+03
1.952244382533763883e+03
1.952245771383401461e+03
1.952247160232573151e+03
1.952248549081744841e+03
1.952249937930917440e+03
1.952251326780089812e+03
1.952252715629727163e+03
1.952254104478898171e+03
1.952255493328069406e+03
1.952256882177241096e+03
1.952258271026413013e+03
1.952259659876050364e+03
1.952261048725222736e+03
1.952262437574395335e+03
1.952263826423567025e+03
1.952265215272738715e+03
1.952266604121910632e+03
1.952267992971548210e+03
1.952269381820719900e+03
1.952270770669891590e+03
1.952272159519064189e+03
1.952273548368236561e+03
1.952274937217408478e+03
1.952276326066580168e+03
1.952277714915751858e+03
1.952279103764923548e+03
1.952280492614094783e+03
1.952281881463732134e+03
1.952283270312904733e+03
1.952284659162076423e+03
1.952286048011248113e+03
1.952287436860420030e+03
1.952288825709591720e+03
1.952290214558763637e+03
1.952291603407935327e+03
1.952292992257107926e+03
1.952294381106280298e+03
1.952295769955451988e+03
1.952297158804623905e+03
1.952298547653795595e+03
1.952299936502967284e+03
1.952301325352138974e+03
1.952302714201310891e+03
1.952304103050483263e+03
1.952305491899655863e+03
1.952306880748361209e+03
1.952308269597532217e+03
1.952309658446704134e+03
1.952311047295875824e+03
1.952312436145047741e+03
1.952313824994219431e+03
1.952315213843392030e+03
1.952316602692564402e+03
1.952317991541736092e+03
1.952319380390908009e+03
1.952320769239614037e+03
1.952322158088785727e+03
1.952323546937957417e+03
1.952324935787129334e+03
1.952326324636301706e+03
1.952327713485474305e+03
1.952329102334645995e+03
1.952330491183352024e+03
1.952331880032523941e+03
1.952333268881694949e+03
1.952334657730866184e+03
1.952336046580037873e+03
1.952337435428744811e+03
1.952338824277917183e+03
1.952340213127088873e+03
1.952341601976260790e+03
1.952342990824966819e+03
1.952344379674138509e+03
1.952345768523310426e+03
1.952347157372482798e+03
1.952348546221189736e+03
1.952349935070361425e+03
1.952351323919533115e+03
1.952352712768239371e+03
1.952354101617411061e+03
1.952355490466582978e+03
1.952356879315754668e+03
1.952358268164461379e+03
1.952359657013633296e+03
1.952361045862804303e+03
1.952362434711510559e+03
1.952363823560682249e+03
1.952365212409853939e+03
1.952366601258559967e+03
1.952367990107731885e+03
1.952369378956438595e+03
1.952370767805611194e+03
1.952372156654782884e+03
1.952373545503488913e+03
1.952374934352660830e+03
1.952376323201366858e+03
1.952377712050538776e+03
1.952379100899710465e+03
1.952380489748417403e+03
1.952381878597589775e+03
1.952383267446295804e+03
1.952384656295467721e+03
1.952386045144173067e+03
1.952387433993344075e+03
1.952388822842050104e+03
1.952390211691222021e+03
1.952391600539928731e+03
1.952392989389101331e+03
1.952394378237807359e+03
1.952395767086979049e+03
1.952397155935685305e+03
1.952398544784856995e+03
1.952399933633563251e+03
1.952401322482735623e+03
1.952402711331442333e+03
1.952404100180614250e+03
1.952405489029320279e+03
1.952406877878026535e+03
1.952408266727198225e+03
1.952409655575904253e+03
1.952411044425076170e+03
1.952412433273782199e+03
1.952413822122488455e+03
1.952415210971660144e+03
1.952416599820366173e+03
1.952417988669537863e+03
1.952419377518244119e+03
1.952422155216122064e+03
1.952423544064828775e+03
1.952424932913535486e+03
1.952426321762707403e+03
1.952427710611413659e+03
1.952429099460119687e+03
1.952430488309291377e+03
1.952431877157997405e+03
1.952433266006703661e+03
1.952434654855410372e+03
1.952436043704582971e+03
1.952437432553289000e+03
1.952438821401994574e+03
1.952440210250699920e+03
1.952441599099871610e+03
1.952442987948577866e+03
1.952444376797283894e+03
1.952445765645990605e+03
1.952447154495162977e+03
1.952448543343869233e+03
1.952449932192575488e+03
1.952451321041281517e+03
1.952452709889987545e+03
1.952454098739159235e+03
1.952455487587866173e+03
1.952456876436573111e+03
1.952458265285279140e+03
1.952459654133985168e+03
1.952461042982691197e+03
1.952462431831863114e+03
1.952463820680568460e+03
1.952465209529274034e+03
1.952466598377980745e+03
1.952467987226687455e+03
1.952469376075393711e+03
1.952470764924099740e+03
1.952472153772805996e+03
1.952473542621512024e+03
1.952474931470218053e+03
1.952476320318924081e+03
1.952477709168096681e+03
1.952479098016803619e+03
1.952480486865509647e+03
1.952481875714215676e+03
1.952483264562921704e+03
1.952484653411627960e+03
1.952486042260334216e+03
1.952487431109040244e+03
1.952488819957746955e+03
1.952490208806453211e+03
1.952491597655158557e+03
1.952492986503864586e+03
1.952494375352570842e+03
1.952495764201276870e+03
1.952497153049982899e+03
1.952498541898223493e+03
1.952499930746930204e+03
1.952501319595637142e+03
1.952502708444343170e+03
1.952504097293049199e+03
1.952505486141755227e+03
1.952506874990461483e+03
1.952508263839167739e+03
1.952509652687873768e+03
1.952511041536580478e+03
1.952512430385287189e+03
1.952513819233527784e+03
1.952515208082234039e+03
1.952516596930939386e+03
1.952517985779644732e+03
1.952519374628350761e+03
1.952520763477057699e+03
1.952522152325298748e+03
1.952523541174005004e+03
1.952524930022711033e+03
1.952526318871417061e+03
1.952527707720123317e+03
1.952529096568363684e+03
1.952530485417069940e+03
1.952531874265776651e+03
1.952533263114483361e+03
1.952534651963189617e+03
1.952536040811429984e+03
1.952537429660136240e+03
1.952538818508842269e+03
1.952540207357082636e+03
1.952541596205788210e+03
1.952542985054494238e+03
1.952544373903201176e+03
1.952545762751441544e+03
1.952547151600147572e+03
1.952548540448853601e+03
1.952549929297094195e+03
1.952551318145800224e+03
1.952552706994506480e+03
1.952554095842747529e+03
1.952555484691454240e+03
1.952556873540160495e+03
1.952558262388400863e+03
1.952559651237107119e+03
1.952561040085347486e+03
1.952562428934053514e+03
1.952563817782759543e+03
1.952565206631000819e+03
1.952566595479707757e+03
1.952567984327947443e+03
1.952569373176652789e+03
1.952570762025358817e+03
1.952572150873599412e+03
1.952573539722305441e+03
1.952574928570546035e+03
1.952576317419252746e+03
1.952577706267493795e+03
1.952579095116200051e+03
1.952580483964440418e+03
1.952581872813146674e+03
1.952583261661387041e+03
1.952584650510093070e+03
1.952586039358334347e+03
1.952587428207041057e+03
1.952588817055281652e+03
1.952590205903987680e+03
1.952591594752228048e+03
1.952592983600934303e+03
1.952594372449173989e+03
1.952595761297413901e+03
1.952597150146120612e+03
1.952598538994361661e+03
1.952599927843067690e+03
1.952601316691308284e+03
1.952602705539548879e+03
1.952604094388254907e+03
1.952605483236495274e+03
1.952606872085201303e+03
1.952608260933442580e+03
1.952609649781683629e+03
1.952611038630389885e+03
1.952612427478630252e+03
1.952613816326870619e+03
1.952615205175576875e+03
1.952616594023817242e+03
1.952617982872057837e+03
1.952619371720763866e+03
1.952620760569004233e+03
1.952622149417244600e+03
1.952623538265485195e+03
1.952624927114191451e+03
1.952626315962431818e+03
1.952627704810672185e+03
1.952629093658912552e+03
1.952630482507619490e+03
1.952631871355860767e+03
1.952633260204101134e+03
1.952634649052341501e+03
1.952636037901047530e+03
1.952637426749288124e+03
1.952638815597528492e+03
1.952640204445769541e+03
1.952641593294010818e+03
1.952642982142716846e+03
1.952644370990956759e+03
1.952645759839196444e+03
1.952647148687437038e+03
1.952648537535677406e+03
1.952649926383917773e+03
1.952651315232159050e+03
1.952652704080865760e+03
1.952654092929106355e+03
1.952655481777346722e+03
1.952656870625587089e+03
1.952658259473827457e+03
1.952659648322068051e+03
1.952661037170308646e+03
1.952662426018549695e+03
1.952663814866790744e+03
1.952665203715031112e+03
1.952666592563271706e+03
1.952667981411512073e+03
1.952669370259752668e+03
1.952670759107992353e+03
1.952672147956232038e+03
1.952673536804473315e+03
1.952674925652714364e+03
1.952676314500954959e+03
1.952677703349195326e+03
1.952679092197435693e+03
1.952680481045676061e+03
1.952681869893916655e+03
1.952683258742157250e+03
1.952684647590398299e+03
1.952686036438639348e+03
1.952687425286879716e+03
1.952688814135120310e+03
1.952690202983360905e+03
1.952691591831601272e+03
1.952692980679841639e+03
1.952694369528082916e+03
1.952697147224097307e+03
1.952698536072337902e+03
1.952699924920578269e+03
1.952701313768818636e+03
1.952702702617059231e+03
1.952704091465299598e+03
1.952705480313074986e+03
1.952706869161316263e+03
1.952708258009556630e+03
1.952709646857797225e+03
1.952711035706037592e+03
1.952712424553812525e+03
1.952713813402052892e+03
1.952715202250293260e+03
1.952716591098534536e+03
1.952717979946775586e+03
1.952719368794550519e+03
1.952720757642790204e+03
1.952722146491029889e+03
1.952723535339270256e+03
1.952724924187045190e+03
1.952726313035285557e+03
1.952727701883526606e+03
1.952729090731302222e+03
1.952730479579542589e+03
1.952731868427783184e+03
1.952733257275557889e+03
1.952734646123798484e+03
1.952736034972038851e+03
1.952737423819813557e+03
1.952738812668054834e+03
1.952740201516295883e+03
1.952741590364070817e+03
1.952742979212311184e+03
1.952744368060551551e+03
1.952745756908326257e+03
1.952747145756566169e+03
1.952748534604340421e+03
1.952749923452581470e+03
1.952751312300822519e+03
1.952752701148597225e+03
1.952754089996837820e+03
1.952755478844612526e+03
1.952756867692853120e+03
1.952758256540627826e+03
1.952759645388869103e+03
1.952761034236644491e+03
1.952762423084884858e+03
1.952763811932659792e+03
1.952765200780900159e+03
1.952766589628674865e+03
1.952767978476915459e+03
1.952769367324690165e+03
1.952770756172931215e+03
1.952772145020706148e+03
1.952773533868945833e+03
1.952774922716720539e+03
1.952776311564961134e+03
1.952777700412736067e+03
1.952779089260510773e+03
1.952780478108751140e+03
1.952781866956526756e+03
1.952783255804767805e+03
1.952784644652542738e+03
1.952786033500317444e+03
1.952787422348557811e+03
1.952788811196332517e+03
1.952790200044107451e+03
1.952791588892347818e+03
1.952792977740123206e+03
1.952794366587898821e+03
1.952795755436139189e+03
1.952797144283913440e+03
1.952798533131687464e+03
1.952799921979928058e+03
1.952801310827702764e+03
1.952802699675477470e+03
1.952804088523718747e+03
1.952805477371494135e+03
1.952806866219269068e+03
1.952808255067043774e+03
1.952809643915284141e+03
1.952811032763058847e+03
1.952812421610833781e+03
1.952813810458609169e+03
1.952815199306850445e+03
1.952816588154625151e+03
1.952817977002399857e+03
1.952819365850174790e+03
1.952820754697949496e+03
1.952822143546189182e+03
1.952823532393963433e+03
1.952824921241739048e+03
1.952826310089514436e+03
1.952827698937289142e+03
1.952829087785064075e+03
1.952830476632838781e+03
1.952831865481079149e+03
1.952833254328853855e+03
1.952834643176628788e+03
1.952836032024404176e+03
1.952837420872179791e+03
1.952838809719954497e+03
1.952840198567729203e+03
1.952841587415504137e+03
1.952842976263279070e+03
1.952844365111053776e+03
1.952845753958828482e+03
1.952847142806603188e+03
1.952848531654378121e+03
1.952849920502152827e+03
1.952851309349927760e+03
1.952852698197702466e+03
1.952854087045477172e+03
1.952855475893252105e+03
1.952856864741026811e+03
1.952858253588802199e+03
1.952859642436577815e+03
1.952861031284352521e+03
1.952862420132127227e+03
1.952863808979902160e+03
1.952865197827677093e+03
1.952866586675451799e+03
1.952867975523226505e+03
1.952869364371002121e+03
1.952870753218777509e+03
1.952872142066551532e+03
1.952873530913860122e+03
1.952874919761634828e+03
1.952876308609409534e+03
1.952877697457184468e+03
1.952879086304959856e+03
1.952880475152735471e+03
1.952881864000510177e+03
1.952883252847819222e+03
1.952884641695594155e+03
1.952886030543368861e+03
1.952887419391143794e+03
1.952888808238918500e+03
1.952890197086228454e+03
1.952891585934003842e+03
1.952892974781778548e+03
1.952894363629553482e+03
1.952895752476862526e+03
1.952897141324636550e+03
1.952898530172410574e+03
1.952899919020185507e+03
1.952901307867495234e+03
1.952902696715270849e+03
1.952904085563045555e+03
1.952905474410820261e+03
1.952906863258129533e+03
1.952908252105904239e+03
1.952909640953679173e+03
1.952911029800988217e+03
1.952912418648763833e+03
1.952913807496539221e+03
1.952915196343848265e+03
1.952916585191623199e+03
1.952917974038932243e+03
1.952919362886706949e+03
1.952920751734481655e+03
1.952922140581790245e+03
1.952923529429564951e+03
1.952924918276874905e+03
1.952926307124649611e+03
1.952927695972424317e+03
1.952929084819733589e+03
1.952930473667508295e+03
1.952931862514817567e+03
1.952933251362592955e+03
1.952934640209902682e+03
1.952936029057677615e+03
1.952937417904986660e+03
1.952938806752761593e+03
1.952940195600070638e+03
1.952941584447845344e+03
1.952942973295154616e+03
1.952944362142930004e+03
1.952945750990239958e+03
1.952947139838013982e+03
1.952948528685322344e+03
1.952949917533097050e+03
1.952951306380406322e+03
1.952952695227715594e+03
1.952954084075490300e+03
1.952955472922800027e+03
1.952956861770575415e+03
1.952958250617884687e+03
1.952959639465193959e+03
1.952961028312968665e+03
1.952962417160277710e+03
1.952963806007586754e+03
1.952965194855361688e+03
1.952966583702671414e+03
1.952967972550447030e+03
1.952969361397756074e+03
1.952970750245065119e+03
1.952972139092373709e+03
1.952973527940147733e+03
1.952974916787457005e+03
1.952976305634766049e+03
1.952977694482541438e+03
1.952979083329851164e+03
1.952980472177160436e+03
1.952981861024469708e+03
1.952983249872244414e+03
1.952984638719553459e+03
1.952986027566862504e+03
1.952987416414171776e+03
1.952988805261481502e+03
