3.151058207664487298e+00 2.426299602395441184e+02
1.011865976533510514e+00 4.181702906098049425e+03
7.529781453239028366e+00 -7.846024583949559201e+03
4.225767017980098572e+00 -1.752619357477651192e+03
7.416624761287179957e-02 5.911349557556492073e+03
-4.554087284825773629e+00 1.446669893225942542e+04
-1.559144340498824555e+00 8.931897765484649426e+03
2.277311509717825810e+00 1.834659235989081026e+03
-3.685662228423999487e+00 1.287446611841971753e+04
-4.192353346296859296e-01 6.824253831336384792e+03
-4.947961178315295472e-01 6.965950514261490753e+03
1.030952370329702106e+00 4.132690725314253541e+03
-1.813217013402725231e+00 9.422517856207205114e+03
1.622070035621505646e+00 3.030779246415390844e+03
-4.510214194944231814e+00 1.444416595498089373e+04
-1.098881020235031203e+00 8.095123115883833634e+03
2.448150828630087261e+00 1.486250134671364776e+03
6.184981150564571983e+00 -5.484315420126416939e+03
2.045971913720735280e+00 2.233754565159499634e+03
-5.303889100081640162e-01 7.040477577271941300e+03
-4.200212890189212622e+00 1.389173178811932848e+04
-7.337580230455693631e+00 1.975805592265724044e+04
