1.476709136908782583e+00
2.200176119149022114e+00
1.765361508745844077e+00
2.281493542399593011e+00
2.081735163608433581e+00
1.507036162448960326e+00
1.429930249791322439e+00
1.400412332197564780e+00
1.590926134041881213e+00
2.112999924512193317e+00
2.258012814867482732e+00
2.127406195230108210e+00
1.814148643278779005e+00
2.345313487649880457e+00
2.598875470241512886e+00
2.463314620409162714e+00
-2.813131403723745372e+00
-7.946651621076217253e+00
-8.164641898926404906e+00
-8.211142784851910292e+00
-7.679616953858658945e+00
-2.247656233153261240e+00
2.498546084886088536e+00
3.159101812339137894e+00
3.254389832797688342e+00
2.729897017031079898e+00
2.963911781491690434e+00
3.295467620846315171e+00
2.822317890869285861e+00
2.946003525611029517e+00
3.122306072499192453e+00
3.464770346680134949e+00
3.534133718681164993e+00
3.288247888401540919e+00
3.485134971300540840e+00
4.240385373384780721e+00
3.326238618439392170e+00
3.523644360278410659e+00
4.532684954887900020e+00
3.286015580323597973e+00
3.158774019889065698e+00
2.574805546153635660e+00
4.093115279322656619e+00
3.203876601312272143e+00
3.662752837260363492e+00
3.575688672954768776e+00
3.925376828852078503e+00
3.241348672410104825e+00
3.216141847925513275e+00
3.399336334808378268e+00
4.196954948384012951e+00
3.925405873752785268e+00
4.596372123449654623e+00
3.768463827777512876e+00
2.321654341442380698e+00
-5.825979693523275493e+00
-6.533073650345389005e+00
-6.891230469415310367e+00
-6.023928989931537359e+00
-3.909779717208183847e+00
3.737082887271148124e+00
3.708519302126900286e+00
4.816756530966914696e+00
3.672163385068039076e+00
4.040282605057621268e+00
4.148561994645527662e+00
4.178494839391255766e+00
4.271683328460618156e+00
4.303047671880833036e+00
4.487449596776160732e+00
4.661250132937500013e+00
2.469721095636145947e+00
3.408688792814640323e+00
4.048348788892486283e+00
3.041333038784843623e+00
3.971612161400406293e+00
3.991682187742817689e+00
4.120608352414789621e+00
4.459130818651457773e+00
4.489291873331024973e+00
4.623500060647822707e+00
5.189547830688034935e+00
4.806827324219220543e+00
4.646906101292591629e+00
4.213323824530768036e+00
4.376381896726622145e+00
4.239787878285827816e+00
4.460956498120394187e+00
4.997739456129579594e+00
5.586131053305409822e+00
4.944803050076274076e+00
4.624267675878979134e+00
3.749377178785096021e+00
-2.453829385714367817e+00
-5.246882464552404812e+00
-5.493706030195610879e+00
-4.807653029251790500e+00
-4.656436977974132141e+00
2.890585855189087283e+00
5.666568830993590211e+00
5.304295934575709026e+00
6.403678617991737099e+00
5.928599476757723252e+00
5.593504308796459767e+00
5.743533668419287253e+00
5.825934051536529878e+00
5.891915767248789848e+00
5.801042571687675675e+00
5.879094518251859469e+00
5.937657336485990811e+00
6.673389565339693519e+00
6.132046557930204145e+00
6.340091031946659683e+00
5.887646166854665353e+00
5.933537109866771075e+00
5.768943807208382069e+00
5.665382139338648315e+00
5.294354280013680025e+00
6.367252163317127511e+00
6.064886449106188238e+00
5.448234163607068581e+00
6.220172935744949783e+00
5.916379872131116713e+00
5.645855667565369274e+00
5.322938611515448670e+00
5.809025770092235419e+00
5.862236028065792581e+00
5.609549541764513592e+00
5.609184405870770718e+00
5.957851840974415225e+00
5.442694886127918963e+00
1.238702773245670130e+00
-4.677423993322715745e+00
-5.466258599090334513e+00
-4.810731788719713187e+00
-4.788524887544221009e+00
-7.408773255386247314e-01
5.834435908881108190e+00
4.707921138995319055e+00
5.212431063121192309e+00
5.523294485405338961e+00
5.466802153659466867e+00
5.730641881806608495e+00
5.333245401971220545e+00
5.036277890007934133e+00
5.743840714511838641e+00
5.406239386552380566e+00
5.352892202618919626e+00
5.734434315975756036e+00
5.550210809756039865e+00
6.322199373152148638e+00
5.872231623157642133e+00
5.671299000526319745e+00
4.946051980804000436e+00
4.568737975125802819e+00
4.267587997470290162e+00
4.156117818083560067e+00
4.437517263303547566e+00
4.310661585120278971e+00
4.420754206362342842e+00
4.059410746765079736e+00
4.653773145658401944e+00
4.266621217206223449e+00
5.076990542163040132e+00
3.864046446513835775e+00
4.208415236322426978e+00
4.009785459385017958e+00
3.689673310882657375e+00
4.124093740491607818e+00
3.286546687078173434e+00
-4.217199244130553915e+00
-6.402981540376440073e+00
-5.982349140028819789e+00
-6.005282163720315758e+00
-4.673353557961501537e+00
3.016976814961935816e+00
4.656752322609758465e+00
4.705083037275459290e+00
4.306226013865321889e+00
4.821183803678685820e+00
4.618981503962560353e+00
5.431724212228816739e+00
4.729451708912923991e+00
5.033203279811493402e+00
4.630296567397662599e+00
4.127359217177772877e+00
4.642682142885101726e+00
4.020332907588963778e+00
4.238870889279988674e+00
4.293603929901301797e+00
3.966288646040094790e+00
2.977114763468735603e+00
4.710742643629028947e+00
4.337486625497488646e+00
4.718945753424019784e+00
3.380320223431931836e+00
4.041286728765358660e+00
4.303234389099186430e+00
5.138449551918222724e+00
4.620446196809124828e+00
3.165553929552755719e+00
4.529701628664950519e+00
3.853461654866219277e+00
3.633210024037492047e+00
3.192810494168307756e+00
3.938135838776446462e+00
4.108716540238255277e+00
3.686129833004647693e+00
-2.145895349123461138e+00
-5.489515265960309698e+00
-7.721134564688592050e+00
-7.889121971450308024e+00
-7.718852465352532555e+00
-1.509098350394477706e+00
2.531234045921371134e+00
2.689167767790046071e+00
2.640505111402458027e+00
3.157935867041938849e+00
3.479089482695929547e+00
3.125646236072698869e+00
2.930829639662180242e+00
4.410318788489409059e+00
3.624674972520613991e+00
3.779073515054243160e+00
3.956600097040574582e+00
2.583510717802717238e+00
3.484321714082749821e+00
4.073887555098743007e+00
4.149176086830408394e+00
4.568576153536563211e+00
4.765521326236976662e+00
4.719800503357296506e+00
4.956869131656826966e+00
5.105852874856653401e+00
4.977603041442568710e+00
4.696792792778348158e+00
4.287355126991965193e+00
3.896331928211482776e+00
4.137441946971742723e+00
4.495241928690774103e+00
3.969222181004816719e+00
3.472811634885886178e+00
4.868485499007535466e+00
4.685398893184311575e+00
4.080480747544079634e+00
4.265803810716617406e+00
1.548910610629672391e+00
-5.618798267982838546e+00
-6.888682816701963141e+00
-6.631386489742041590e+00
-6.218040210183684025e+00
-3.683034476450575134e+00
3.592642596385697829e+00
3.760173583280401743e+00
3.961309520216005353e+00
3.813500020856341877e+00
3.736406556013260882e+00
4.046996126376933844e+00
3.923966076535334579e+00
3.995258859793127115e+00
3.848150587320464666e+00
4.141898264584220613e+00
3.811981387479956851e+00
4.178079912239285321e+00
4.536568673030760834e+00
3.822599373299873093e+00
4.111961270566899529e+00
3.425148952934886637e+00
4.113305634539266009e+00
2.773555651965242674e+00
2.605613887190161293e+00
2.658778503176861818e+00
3.003856818415417962e+00
2.773319143488661709e+00
3.428559654124363476e+00
2.777360533949169152e+00
2.872586315334935136e+00
2.439132665990273452e+00
2.778041014478427329e+00
2.791057279236897060e+00
2.850383563431035938e+00
3.036839377728695055e+00
2.383640308680767816e+00
2.958579967588415016e+00
1.940025093383423993e+00
-4.878584825887544163e+00
-7.457440061044762203e+00
-8.041018503257223671e+00
-8.094801360700509818e+00
-6.546289080136880045e+00
6.670949793685654328e-01
2.614675896190021831e+00
2.398536193437772468e+00
3.152197424529656899e+00
2.446373144792790555e+00
2.966957346787424399e+00
2.901021273062021066e+00
2.713175452805138832e+00
2.930265338735527081e+00
1.475937372406033177e+00
2.564826548147935981e+00
3.207967783031007158e+00
2.777497459909294975e+00
3.036885019715329648e+00
3.015868959466150301e+00
2.469945156298392064e+00
2.503674584485082732e+00
2.604555822952603350e+00
3.119343492633763759e+00
2.812903193790239342e+00
2.416087611967654425e+00
2.270854810222155962e+00
2.576598031450272330e+00
2.181234694659917039e+00
2.360109789890429965e+00
1.666110933985720521e+00
1.909386872479101882e+00
2.302356079602496663e+00
1.865744834631088978e+00
1.290415144200363073e+00
1.953825570459200023e+00
1.512865888934733505e+00
2.194346392663470979e+00
-2.994064537628182698e+00
-8.301049200148845841e+00
-8.750933964713048852e+00
-9.164989769701371358e+00
-8.489600396564100038e+00
-3.835030590773946813e+00
1.931548131667959467e+00
1.324464066294162023e+00
1.584511360271934066e+00
1.664206418357849770e+00
1.104527780100950096e+00
1.893656984146563360e+00
1.454859073084069365e+00
2.235146179520253185e+00
2.280867002399933341e+00
2.247029693153823615e+00
1.974418405013222966e+00
2.600605716465587136e+00
1.736773027972482453e+00
5.323100433105576457e-01
1.601320059199551338e+00
1.977501313752627610e+00
1.664940839416928497e+00
3.584223724470980699e-01
1.645945474398002872e+00
1.140767517557428334e+00
1.983463816927155676e+00
1.186658460569312012e+00
1.485260785511588466e+00
1.381516549695094298e+00
3.501445757645438306e-01
8.791269033159299084e-01
2.665865458932881182e-01
5.044850284967594689e-01
2.686611816533623909e-01
3.059050428175780212e-01
7.325497375978429204e-01
9.961985992545940860e-02
-9.222585807666661140e-02
-9.263829566581115671e+00
-1.008497454967549700e+01
-1.092604433460930835e+01
-9.891896498031794493e+00
-8.786368743494477940e+00
-2.085797300426239786e-01
2.878557117051983028e-01
1.578341393522197933e-01
9.686474363612695981e-02
2.878764580627191094e-02
-1.106735192549779256e-01
-3.872764065977474246e-01
2.723664811208337255e-01
-2.516657655071696809e-01
-1.210259516976064376e-01
3.987574408939043025e-01
-4.023424114871776425e-01
-1.008729399245567038e-01
2.879677420362103391e-01
8.423021184977841358e-04
-3.325682616055480878e-01
2.366744475046367313e-02
1.457763563148528618e-01
-3.633392591984030418e-01
-5.546331240884327940e-01
-3.863843132209110465e-01
7.891084576883145019e-02
-2.197039269880018963e-02
2.205586769210565734e-01
4.025789199637586080e-01
5.567492525626605016e-02
-2.575535817941343453e-01
-8.806704323214287200e-01
-1.985052987919511125e-01
1.096693955471295112e-01
-7.238445659486503203e-01
-1.115432065655785898e+00
-7.543458608927355868e-01
-7.179795706550473611e+00
-1.053621197675525067e+01
-1.092491158348440905e+01
-1.138927315638205151e+01
-1.020400055250036964e+01
-4.296840361686871113e+00
0.000000000000000000e+00
4.894895612239658078e-02
9.598094880236551774e-02
-1.737382970885548161e-01
-4.966387560524365696e-01
-8.330077503704291786e-02
2.026836152126954005e-01
1.592116974968860177e-01
2.729266327758939070e-01
-1.903976222417114172e-01
-3.312736888912981570e-01
-4.166532489598973044e-01
-2.911709796498129776e-01
-5.205717541801879733e-01
-4.564115686652714388e-01
-2.659932000659281925e-01
-9.906219783318848116e-01
-2.395125492248295629e-01
-2.068453345472898164e-01
6.081462788829483657e-01
5.828855138687583093e-01
3.454310033177421246e-01
5.746201650007609629e-01
1.166650673299685081e+00
8.291904205719458076e-01
2.204080583649403735e+00
2.620679892079591511e+00
4.505220926696473782e+00
6.547301917314895547e+01
6.380748913717604154e+01
6.251690802211484765e+01
6.004849809627899049e+01
5.805873568518449446e+01
5.376422306482031388e+01
4.571200982700185023e+01
4.292313921385604658e+01
4.090750609483384892e+01
3.938480643239650192e+01
3.925111690401972453e+01
4.570235032290326416e+01
4.504273233081379146e+01
4.291928454061388720e+01
4.190014046985290719e+01
4.025463481823599210e+01
3.938195588286230731e+01
3.749957661870717374e+01
3.633292179613611950e+01
3.504072661445367487e+01
3.412988267963812206e+01
3.187767054635592956e+01
3.003521557276700449e+01
2.952882602864237427e+01
2.826478365422357797e+01
2.846308978798273159e+01
2.775209551593160739e+01
2.652953755817044623e+01
1.489197199402725325e+01
1.450333462637076742e+01
1.275155783258163922e+01
1.221628935867746790e+01
1.245084767770721079e+01
1.226771957916872324e+01
1.115088505973926836e+01
1.060138873379257163e+01
1.033022554141260763e+01
9.680080336203600311e+00
9.367175472331679131e+00
8.399768668154505846e+00
8.030948221278144672e+00
4.988747984745467434e+00
1.518811795022889655e+00
-8.401776915569758586e-01
-6.510982928772501843e+00
-8.293028658300617195e+00
-5.624943339104127027e+00
-4.941388199615315280e+00
-5.665672588345160854e+00
9.881490125058789431e-01
4.276625110841036914e+00
3.713249471659851864e+00
3.197474275356881890e+00
3.384100209786744529e+00
2.786733738312952013e+00
2.732573297161478010e+00
2.023591421797643619e+00
1.433735131775248917e+00
1.489849879812821243e+00
1.615145431904441153e+00
1.366176692885412436e+00
1.650459881811894292e+00
4.500341383388839489e-01
-4.657183846847878783e-01
4.518847134369341489e-01
-7.529683027480693625e-01
-4.421505224507793486e-01
-4.204228621358718776e+00
-3.578514326859849604e+00
-2.958318563482720265e+00
-4.232987222264394944e+00
-4.739999157116980832e+00
-4.363452766670161687e+00
-4.296562360495026489e+00
-4.828258311620481358e+00
-5.100147626516449151e+00
-5.432574812890389460e+00
-4.711821454224107697e+00
-5.274437776717211257e+00
-5.136267035098729394e+00
-5.832606080140800842e+00
-6.335692804135373279e+00
-9.446733604457469013e+00
-1.585239557423601120e+01
-1.669047788367539198e+01
-1.738089176898671795e+01
-1.685673504421325575e+01
-1.377296740559263988e+01
-6.141830540174475495e+00
-6.921972422107458556e+00
-6.411255187787512355e+00
-7.595934445841834304e+00
-6.680688133943624152e+00
-6.286158800728802731e+00
-6.807290706564161908e+00
-6.805630997956058081e+00
-6.637714128810201508e+00
-6.870160468636310469e+00
-7.813318930050106026e+00
-7.712836021648405982e+00
-7.826986630437238190e+00
-7.583905707705174137e+00
-7.538039660322182201e+00
-7.606440401330627488e+00
-8.151077930327321752e+00
-8.189765737980469140e+00
-8.953468206150949626e+00
-9.273638444454501695e+00
-8.735664645519115368e+00
-9.424576494540314542e+00
-8.656230991538894415e+00
-8.822886482142688891e+00
-8.978845150767744698e+00
-8.814442714599302064e+00
-9.354113565586352763e+00
-9.802185098496284610e+00
-9.663964565619576064e+00
-8.911685041943840702e+00
-9.813151623123905765e+00
-9.441372745653598741e+00
-1.123263815649922037e+01
-1.922816404681038094e+01
-1.992055713463691902e+01
-2.097522726815270744e+01
-2.017802773100063618e+01
-1.920191990444597252e+01
-1.096169487550979760e+01
-9.938783266208673695e+00
-9.919024435230072712e+00
-9.101709229748733421e+00
-9.657450209333063640e+00
-8.968592300841681464e+00
-9.879635400690034430e+00
-9.500782015278041115e+00
-1.058131870744993819e+01
-9.849880974619583895e+00
-9.837433160059362081e+00
-1.039602468917799527e+01
-9.774314441695963751e+00
-1.022659748519871847e+01
-1.050181036658226574e+01
-1.034246589239684511e+01
-9.800969361940969904e+00
-1.155999908234706197e+01
-1.032359500552349019e+01
-1.014915133227656341e+01
-1.182841960625236055e+01
-1.149126225034557969e+01
-1.107388287886967859e+01
-1.135838182991511047e+01
-1.145754112070185293e+01
-1.142514360867319390e+01
-1.111196074360931618e+01
-1.155427723692092812e+01
-1.250612012362617520e+01
-1.159388203358002656e+01
-1.107477912151799693e+01
-1.160954968283989253e+01
-1.707892853411330236e+01
-2.120573589817897897e+01
-2.210376688254045519e+01
-2.207990857129993145e+01
-2.156445701817555261e+01
-1.604549852150871558e+01
-1.195981458747852244e+01
-1.160163702205108116e+01
-1.160903932244283787e+01
-1.128451234904326306e+01
-1.204322324357509544e+01
-1.187155128370354085e+01
-1.219018629154466993e+01
-1.151513715867202947e+01
-1.197144914482084488e+01
-1.234361805381400856e+01
-1.180107590693502218e+01
-1.145157446825606584e+01
-1.173795718857162385e+01
-1.152743974872905142e+01
-1.160893973992638273e+01
-1.187258445231198500e+01
-1.226374457705248133e+01
-1.158830956192857897e+01
-1.139170877876438581e+01
-1.237228537074619439e+01
-1.203827316265160263e+01
-1.188693678249996921e+01
-1.174030567625194976e+01
-1.170055150581816861e+01
-1.230556923397485569e+01
-1.189844686169660903e+01
-1.264074323809505351e+01
-1.255678272888638425e+01
-1.234123637196149481e+01
-1.216321602666414847e+01
-1.215122048269956423e+01
-1.178918409475848605e+01
-1.509958909307718145e+01
-2.179330179032223924e+01
-2.208085875447807211e+01
-2.299935809524800234e+01
-2.177268820941058536e+01
-2.023212593307932394e+01
-1.336893624059676355e+01
-1.239652956423798003e+01
-1.199809991579425805e+01
-1.207890697864777430e+01
-1.172199494103387529e+01
-1.195349109768195639e+01
-1.216523257262291935e+01
-1.230504227649187321e+01
-1.208003972977267360e+01
-1.155831032883847342e+01
-1.128816370798091384e+01
-1.245418784128093925e+01
-1.199658958096094707e+01
-1.145362420838691442e+01
-1.162890188520948698e+01
-1.167397957100357786e+01
-1.181506725050074280e+01
-1.210572372048202006e+01
-1.153224460514934435e+01
-1.189475815931528757e+01
-1.227083983135191048e+01
-1.064325488343009773e+01
-1.195565701741541176e+01
-1.212047853000741782e+01
-1.203193307576899684e+01
-1.230656505913973930e+01
-1.273387363736311428e+01
-1.358838706202203284e+01
-1.269284149130112027e+01
-1.203323594702632171e+01
-1.252155956295242234e+01
-1.230674762708661163e+01
-1.301450131808046251e+01
-1.982200778676357444e+01
-2.256104564895333908e+01
-2.272067642287367661e+01
-2.341888678937131729e+01
-2.197377020581647855e+01
-1.518018869235460144e+01
-1.280263536499381871e+01
-1.278337029732612429e+01
-1.300826911225727578e+01
-1.256438419431116316e+01
-1.252684988414054601e+01
-1.210971946895578100e+01
-1.186211998953834446e+01
-1.177960342681860695e+01
-1.162277756044582944e+01
-1.201031952042086459e+01
-1.242992290143152267e+01
-1.230027061424376811e+01
-1.173076650102733431e+01
-1.235211576188710580e+01
-1.155734354857429480e+01
-1.209878613850046136e+01
-1.139470870207337505e+01
-1.331800393268789406e+01
-1.265518270298493420e+01
-1.286350932746482911e+01
-1.181030388679560339e+01
-1.241456644753580107e+01
-1.264862270471167704e+01
-1.295300496488138720e+01
-1.273246288504637036e+01
-1.270464616877575637e+01
-1.288685727830829464e+01
-1.281777605677059029e+01
-1.301054706232174141e+01
-1.275461584569204021e+01
-1.296002553229336129e+01
-1.305682388758522272e+01
-1.699722107933998672e+01
-2.313168666256626338e+01
-2.400948164972427179e+01
-2.346250808086192308e+01
-2.321028631297106415e+01
-1.920495302192715315e+01
-1.281945236246473385e+01
-1.344072278716557101e+01
-1.256339666768935359e+01
-1.292115100742174860e+01
-1.307941667101197858e+01
-1.292144145642815189e+01
-1.323935034175327630e+01
-1.271695290810426116e+01
-1.256021002716190083e+01
-1.231983857873242272e+01
-1.242813871467796005e+01
-1.212067354576884526e+01
-1.269626049103367293e+01
-1.332709498658834946e+01
-1.253852178492653735e+01
-1.240844212277214531e+01
-1.254503614121304977e+01
-1.280053998287622363e+01
-1.250895822534592305e+01
-1.232746079051483257e+01
-1.317788718272638882e+01
-1.255614789034376066e+01
-1.328590931748008330e+01
-1.257747514595697425e+01
-1.256456676225803371e+01
-1.326044523816138820e+01
-1.292735831761582332e+01
-1.266805374324020406e+01
-1.313820354990846795e+01
-1.301511955953693622e+01
-1.345991316794592407e+01
-1.345203785060089530e+01
-1.417065018516272445e+01
-2.244391171394166662e+01
-2.468013670405710869e+01
-2.348906756786184502e+01
-2.402569285355327011e+01
-2.265180266491195837e+01
-1.430628572188241776e+01
-1.316273404313506035e+01
-1.315469275492919721e+01
-1.293615892250987720e+01
-1.253274184969899174e+01
-1.231072262920285354e+01
-1.307777355949002462e+01
-1.356105166124777028e+01
-1.349186255865053496e+01
-1.306728420108727029e+01
-1.298589209094946995e+01
-1.308032951074644679e+01
-1.334763388061266376e+01
-1.292922548979980135e+01
-1.341820469062615651e+01
-1.306914307472828440e+01
-1.348553077031089487e+01
-1.297776781731318962e+01
-1.333716526856754214e+01
-1.429114088083416334e+01
-1.367127705917858904e+01
-1.358294321778774716e+01
-1.499636351620070585e+01
-1.418117273773755826e+01
-1.341283553327921041e+01
-1.392407142653917518e+01
-1.388998516100170555e+01
-1.421198522804567688e+01
-1.362016633259433007e+01
-1.435261648767560771e+01
-1.471325042184290410e+01
-1.492035301122451862e+01
-1.327500503192535675e+01
-2.012167647448648466e+01
-2.403647266096242774e+01
-2.478374816318495988e+01
-2.488833470111995183e+01
-2.465874306009963135e+01
-1.813878525702916633e+01
-1.415639328821971432e+01
-1.339503515845807868e+01
-1.440030821452731402e+01
-1.467762477657153042e+01
-1.412454762930315155e+01
-1.403411010725152863e+01
-1.430037300996633931e+01
-1.493165562684517411e+01
-1.470254945059268437e+01
-1.464143897964498287e+01
-1.502134628002316319e+01
-1.377885522187960454e+01
-1.399882055297330119e+01
-1.370234680432091956e+01
-1.429287112705801555e+01
-1.324221748837361901e+01
-1.440018788565322616e+01
-1.423957373438267027e+01
