1.843004784617033465e+03 3.282890987454239351e+00 -5.529413545741590497e-01
1.844096672312654619e+03 1.334633290249958915e+00 3.586251894765786346e+03
1.845187908994520285e+03 8.119485007862031978e+00 -8.934176724201051911e+03
1.846279756008825188e+03 4.842458202647176080e+00 -2.891894798932697995e+03
1.847370931919569102e+03 2.264661027318866093e-01 5.630119803609724840e+03
1.848462316872267365e+03 -4.461844712843070937e+00 1.429628544811074062e+04
1.849553184197162409e+03 -1.695422792865705075e+00 9.184356252678444434e+03
1.850644937871237062e+03 2.830590993063597960e+00 8.107835317470039627e+02
1.851735837241491708e+03 -4.011971610918795506e+00 1.347845313406492824e+04
1.852828114219240888e+03 -1.085973861891772474e-01 6.249005420918104392e+03
1.853919214262458127e+03 3.485358973603414068e-01 5.401608108108834131e+03
1.859377299358909568e+03 -1.149482654378920943e+00 8.188034312774535465e+03
1.860468272407412542e+03 1.805215743049995325e+00 2.689870110889174612e+03
1.861558001097274655e+03 -3.895990522031695935e+00 1.330020577611294357e+04
1.862650476504406470e+03 -1.752139374979355679e+00 9.312150909497931934e+03
1.863741937528453036e+03 2.178552941344153115e+00 1.988719869763553106e+03
1.864834015181309269e+03 6.036506728876459782e+00 -5.207858801647794280e+03
1.865924414490846857e+03 2.514092312092308212e+00 1.359546481832890549e+03
1.867016100831330505e+03 -3.737113542263380550e-01 6.747855131499740310e+03
1.868107605629547152e+03 -3.601992721400161912e+00 1.277424876347866848e+04
