1.842703857421875000e+03
1.842724670410156250e+03
1.842745544433593750e+03
1.842766357421875000e+03
1.842787170410156250e+03
1.842808044433593750e+03
1.842828857421875000e+03
1.842849670410156250e+03
1.842870544433593750e+03
1.842891357421875000e+03
1.842912170410156250e+03
1.842933044433593750e+03
1.842953857421875000e+03
1.842974670410156250e+03
1.842995544433593750e+03
1.843016357421875000e+03
1.843037170410156250e+03
1.843058044433593750e+03
1.843078857421875000e+03
1.843099731445312500e+03
1.843120544433593750e+03
1.843141418457031250e+03
1.843162231445312500e+03
1.843183044433593750e+03
1.843203918457031250e+03
1.843224731445312500e+03
1.843245544433593750e+03
1.843266418457031250e+03
1.843287231445312500e+03
1.843808044433593750e+03
1.843828918457031250e+03
1.843849731445312500e+03
1.843870544433593750e+03
1.843891418457031250e+03
1.843912231445312500e+03
1.843933044433593750e+03
1.843953918457031250e+03
1.843974731445312500e+03
1.843995544433593750e+03
1.844016418457031250e+03
1.844037231445312500e+03
1.844058044433593750e+03
1.844078918457031250e+03
1.844099731445312500e+03
1.844120544433593750e+03
1.844141418457031250e+03
1.844162231445312500e+03
1.844183044433593750e+03
1.844203918457031250e+03
1.844224731445312500e+03
1.844245544433593750e+03
1.844266418457031250e+03
1.844287231445312500e+03
1.844308044433593750e+03
1.844328918457031250e+03
1.844349731445312500e+03
1.844370544433593750e+03
1.844391418457031250e+03
1.844891418457031250e+03
1.844912231445312500e+03
1.844933044433593750e+03
1.844953918457031250e+03
1.844974731445312500e+03
1.844995544433593750e+03
1.845016418457031250e+03
1.845037231445312500e+03
1.845058044433593750e+03
1.845078918457031250e+03
1.845099731445312500e+03
1.845120544433593750e+03
1.845141418457031250e+03
1.845162231445312500e+03
1.845183044433593750e+03
1.845203918457031250e+03
1.845224731445312500e+03
1.845245544433593750e+03
1.845266418457031250e+03
1.845287231445312500e+03
1.845308044433593750e+03
1.845328918457031250e+03
1.845349731445312500e+03
1.845370544433593750e+03
1.845391418457031250e+03
1.845412231445312500e+03
1.845433044433593750e+03
1.845453918457031250e+03
1.845474731445312500e+03
1.845995544433593750e+03
1.846016418457031250e+03
1.846037231445312500e+03
1.846058044433593750e+03
1.846078918457031250e+03
1.846099731445312500e+03
1.846120544433593750e+03
1.846141418457031250e+03
1.846162231445312500e+03
1.846183044433593750e+03
1.846203918457031250e+03
1.846224731445312500e+03
1.846245544433593750e+03
1.846266418457031250e+03
1.846287231445312500e+03
1.846308044433593750e+03
1.846328918457031250e+03
1.846349731445312500e+03
1.846370544433593750e+03
1.846391418457031250e+03
1.846412231445312500e+03
1.846433044433593750e+03
1.846453918457031250e+03
1.846474731445312500e+03
1.846495544433593750e+03
1.846516418457031250e+03
1.846537231445312500e+03
1.846558044433593750e+03
1.846578918457031250e+03
1.847078918457031250e+03
1.847099731445312500e+03
1.847120544433593750e+03
1.847141418457031250e+03
1.847162231445312500e+03
1.847183044433593750e+03
1.847203918457031250e+03
1.847224731445312500e+03
1.847245544433593750e+03
1.847266418457031250e+03
1.847287231445312500e+03
1.847308044433593750e+03
1.847328918457031250e+03
1.847349731445312500e+03
1.847370544433593750e+03
1.847391418457031250e+03
1.847412231445312500e+03
1.847433044433593750e+03
1.847453918457031250e+03
1.847474731445312500e+03
1.847495544433593750e+03
1.847516418457031250e+03
1.847537231445312500e+03
1.847558044433593750e+03
1.847578918457031250e+03
1.847599731445312500e+03
1.847620544433593750e+03
1.847641418457031250e+03
1.847662231445312500e+03
1.848183044433593750e+03
1.848203918457031250e+03
1.848224731445312500e+03
1.848245544433593750e+03
1.848266418457031250e+03
1.848287231445312500e+03
1.848308044433593750e+03
1.848328918457031250e+03
1.848349731445312500e+03
1.848370544433593750e+03
1.848391418457031250e+03
1.848412231445312500e+03
1.848433044433593750e+03
1.848453918457031250e+03
1.848474731445312500e+03
1.848495544433593750e+03
1.848516418457031250e+03
1.848537231445312500e+03
1.848558044433593750e+03
1.848578918457031250e+03
1.848599731445312500e+03
1.848620544433593750e+03
1.848641418457031250e+03
1.848662231445312500e+03
1.848683044433593750e+03
1.848703918457031250e+03
1.848724731445312500e+03
1.848745544433593750e+03
1.849266418457031250e+03
1.849287231445312500e+03
1.849308044433593750e+03
1.849328918457031250e+03
1.849349731445312500e+03
1.849370544433593750e+03
1.849391418457031250e+03
1.849412231445312500e+03
1.849433044433593750e+03
1.849453918457031250e+03
1.849474731445312500e+03
1.849495544433593750e+03
1.849516418457031250e+03
1.849537231445312500e+03
1.849558044433593750e+03
1.849578918457031250e+03
1.849599731445312500e+03
1.849620544433593750e+03
1.849641418457031250e+03
1.849662231445312500e+03
1.849683044433593750e+03
1.849703918457031250e+03
1.849724731445312500e+03
1.849745544433593750e+03
1.849766418457031250e+03
1.849787231445312500e+03
1.849808044433593750e+03
1.849828918457031250e+03
1.849849731445312500e+03
1.850370544433593750e+03
1.850391418457031250e+03
1.850412231445312500e+03
1.850433044433593750e+03
1.850453918457031250e+03
1.850474731445312500e+03
1.850495544433593750e+03
1.850516418457031250e+03
1.850537231445312500e+03
1.850558044433593750e+03
1.850578918457031250e+03
1.850599731445312500e+03
1.850620544433593750e+03
1.850641418457031250e+03
1.850662231445312500e+03
1.850683044433593750e+03
1.850703918457031250e+03
1.850724731445312500e+03
1.850745544433593750e+03
1.850766418457031250e+03
1.850787231445312500e+03
1.850808044433593750e+03
1.850828918457031250e+03
1.850849731445312500e+03
1.850870544433593750e+03
1.850891418457031250e+03
1.850912231445312500e+03
1.850933044433593750e+03
1.851453918457031250e+03
1.851474731445312500e+03
1.851495544433593750e+03
1.851516418457031250e+03
1.851537231445312500e+03
1.851558044433593750e+03
1.851578918457031250e+03
1.851599731445312500e+03
1.851620544433593750e+03
1.851641418457031250e+03
1.851662231445312500e+03
1.851683044433593750e+03
1.851703918457031250e+03
1.851724731445312500e+03
1.851745544433593750e+03
1.851766418457031250e+03
1.851787231445312500e+03
1.851808044433593750e+03
1.851828918457031250e+03
1.851849731445312500e+03
1.851870544433593750e+03
1.851891418457031250e+03
1.851912231445312500e+03
1.851933044433593750e+03
1.851953918457031250e+03
1.851974731445312500e+03
1.851995544433593750e+03
1.852016418457031250e+03
1.852037231445312500e+03
1.852537231445312500e+03
1.852558044433593750e+03
1.852578918457031250e+03
1.852599731445312500e+03
1.852620544433593750e+03
1.852641418457031250e+03
1.852662231445312500e+03
1.852683044433593750e+03
1.852703918457031250e+03
1.852724731445312500e+03
1.852745544433593750e+03
1.852766418457031250e+03
1.852787231445312500e+03
1.852808044433593750e+03
1.852828918457031250e+03
1.852849731445312500e+03
1.852870544433593750e+03
1.852891418457031250e+03
1.852912231445312500e+03
1.852933044433593750e+03
1.852953918457031250e+03
1.852974731445312500e+03
1.852995544433593750e+03
1.853016418457031250e+03
1.853037231445312500e+03
1.853058044433593750e+03
1.853078918457031250e+03
1.853099731445312500e+03
1.853120544433593750e+03
1.853641418457031250e+03
1.853662231445312500e+03
1.853683044433593750e+03
1.853703918457031250e+03
1.853724731445312500e+03
1.853745544433593750e+03
1.853766418457031250e+03
1.853787231445312500e+03
1.853808044433593750e+03
1.853828918457031250e+03
1.853849731445312500e+03
1.853870544433593750e+03
1.853891418457031250e+03
1.853912231445312500e+03
1.853933044433593750e+03
1.853953918457031250e+03
1.853974731445312500e+03
1.853995544433593750e+03
1.854016418457031250e+03
1.854037231445312500e+03
1.854058044433593750e+03
1.854078918457031250e+03
1.854099731445312500e+03
1.854120544433593750e+03
1.854141418457031250e+03
1.854162231445312500e+03
1.854183044433593750e+03
1.854203918457031250e+03
1.854224731445312500e+03
1.854724670410156250e+03
1.854745544433593750e+03
1.854766357421875000e+03
1.854787170410156250e+03
1.854808044433593750e+03
1.854828857421875000e+03
1.854849670410156250e+03
1.858120544433593750e+03
1.858141357421875000e+03
1.858162170410156250e+03
1.858183044433593750e+03
1.858203857421875000e+03
1.858224670410156250e+03
1.858245544433593750e+03
1.858266357421875000e+03
1.858287170410156250e+03
1.858308044433593750e+03
1.858328857421875000e+03
1.858349670410156250e+03
1.858370544433593750e+03
1.858391357421875000e+03
1.858412170410156250e+03
1.858433044433593750e+03
1.858453857421875000e+03
1.858474670410156250e+03
1.858495483398437500e+03
1.858516296386718750e+03
1.858537170410156250e+03
1.858557983398437500e+03
1.858578796386718750e+03
1.858599670410156250e+03
1.859099670410156250e+03
1.859120483398437500e+03
1.859141296386718750e+03
1.859162170410156250e+03
1.859182983398437500e+03
1.859203796386718750e+03
1.859224670410156250e+03
1.859245483398437500e+03
1.859266296386718750e+03
1.859287170410156250e+03
1.859307983398437500e+03
1.859328796386718750e+03
1.859349670410156250e+03
1.859370483398437500e+03
1.859391296386718750e+03
1.859412170410156250e+03
1.859432983398437500e+03
1.859453796386718750e+03
1.859474670410156250e+03
1.859495483398437500e+03
1.859516296386718750e+03
1.859537170410156250e+03
1.859557983398437500e+03
1.859578796386718750e+03
1.859599670410156250e+03
1.859620483398437500e+03
1.859641296386718750e+03
1.859662170410156250e+03
1.859682983398437500e+03
1.860203796386718750e+03
1.860224670410156250e+03
1.860245483398437500e+03
1.860266296386718750e+03
1.860287170410156250e+03
1.860307983398437500e+03
1.860328796386718750e+03
1.860349670410156250e+03
1.860370483398437500e+03
1.860391296386718750e+03
1.860412170410156250e+03
1.860432983398437500e+03
1.860453796386718750e+03
1.860474670410156250e+03
1.860495483398437500e+03
1.860516296386718750e+03
1.860537170410156250e+03
1.860557983398437500e+03
1.860578796386718750e+03
1.860599670410156250e+03
1.860620483398437500e+03
1.860641296386718750e+03
1.860662170410156250e+03
1.860682983398437500e+03
1.860703796386718750e+03
1.860724670410156250e+03
1.860745483398437500e+03
1.860766296386718750e+03
1.860787170410156250e+03
1.861287109375000000e+03
1.861307922363281250e+03
1.861328796386718750e+03
1.861349609375000000e+03
1.861370422363281250e+03
1.861391296386718750e+03
1.861412109375000000e+03
1.861432922363281250e+03
1.861453796386718750e+03
1.861474609375000000e+03
1.861495422363281250e+03
1.861516296386718750e+03
1.861537109375000000e+03
1.861557922363281250e+03
1.861578796386718750e+03
1.861599609375000000e+03
1.861620422363281250e+03
1.861641296386718750e+03
1.861662109375000000e+03
1.861682922363281250e+03
1.861703796386718750e+03
1.861724609375000000e+03
1.861745422363281250e+03
1.861766296386718750e+03
1.861787109375000000e+03
1.861807922363281250e+03
1.861828796386718750e+03
1.861849609375000000e+03
1.861870422363281250e+03
1.862391296386718750e+03
1.862412109375000000e+03
1.862432922363281250e+03
1.862453796386718750e+03
1.862474609375000000e+03
1.862495422363281250e+03
1.862516296386718750e+03
1.862537109375000000e+03
1.862557922363281250e+03
1.862578796386718750e+03
1.862599609375000000e+03
1.862620422363281250e+03
1.862641296386718750e+03
1.862662109375000000e+03
1.862682922363281250e+03
1.862703796386718750e+03
1.862724609375000000e+03
1.862745422363281250e+03
1.862766296386718750e+03
1.862787048339843750e+03
1.862807922363281250e+03
1.862828735351562500e+03
1.862849548339843750e+03
1.862870422363281250e+03
1.862891235351562500e+03
1.862912048339843750e+03
1.862932922363281250e+03
1.862953735351562500e+03
1.863474548339843750e+03
1.863495422363281250e+03
1.863516235351562500e+03
1.863537048339843750e+03
1.863557922363281250e+03
1.863578735351562500e+03
1.863599548339843750e+03
1.863620422363281250e+03
1.863641235351562500e+03
1.863662048339843750e+03
1.863682922363281250e+03
1.863703735351562500e+03
1.863724548339843750e+03
1.863745422363281250e+03
1.863766235351562500e+03
1.863787048339843750e+03
1.863807922363281250e+03
1.863828735351562500e+03
1.863849548339843750e+03
1.863870422363281250e+03
1.863891235351562500e+03
1.863912048339843750e+03
1.863932922363281250e+03
1.863953735351562500e+03
1.863974548339843750e+03
1.863995422363281250e+03
1.864016235351562500e+03
1.864037048339843750e+03
1.864057922363281250e+03
1.864578674316406250e+03
1.864599548339843750e+03
1.864620361328125000e+03
1.864641174316406250e+03
1.864662048339843750e+03
1.864682861328125000e+03
1.864703674316406250e+03
1.864724548339843750e+03
1.864745361328125000e+03
1.864766174316406250e+03
1.864787048339843750e+03
1.864807861328125000e+03
1.864828674316406250e+03
1.864849548339843750e+03
1.864870361328125000e+03
1.864891174316406250e+03
1.864912048339843750e+03
1.864932861328125000e+03
1.864953674316406250e+03
1.864974548339843750e+03
1.864995361328125000e+03
1.865016174316406250e+03
1.865037048339843750e+03
1.865057861328125000e+03
1.865078674316406250e+03
1.865099548339843750e+03
1.865120361328125000e+03
1.865141174316406250e+03
1.865662048339843750e+03
1.865682861328125000e+03
1.865703674316406250e+03
1.865724548339843750e+03
1.865745361328125000e+03
1.865766174316406250e+03
1.865786987304687500e+03
1.865807800292968750e+03
1.865828674316406250e+03
1.865849487304687500e+03
1.865870300292968750e+03
1.865891174316406250e+03
1.865911987304687500e+03
1.865932800292968750e+03
1.865953674316406250e+03
1.865974487304687500e+03
1.865995300292968750e+03
1.866016174316406250e+03
1.866036987304687500e+03
1.866057800292968750e+03
1.866078674316406250e+03
1.866099487304687500e+03
1.866120300292968750e+03
1.866141174316406250e+03
1.866161987304687500e+03
1.866182800292968750e+03
1.866203674316406250e+03
1.866224487304687500e+03
1.866245300292968750e+03
1.866745300292968750e+03
1.866766174316406250e+03
1.866786987304687500e+03
1.866807800292968750e+03
1.866828674316406250e+03
1.866849487304687500e+03
1.866870300292968750e+03
1.866891174316406250e+03
1.866911987304687500e+03
1.866932800292968750e+03
1.866953674316406250e+03
1.866974487304687500e+03
1.866995300292968750e+03
1.867016174316406250e+03
1.867036987304687500e+03
1.867057800292968750e+03
1.867078613281250000e+03
1.867099426269531250e+03
1.867120300292968750e+03
1.867141113281250000e+03
1.867161926269531250e+03
1.867182800292968750e+03
1.867203613281250000e+03
1.867224426269531250e+03
1.867245300292968750e+03
1.867266113281250000e+03
1.867286926269531250e+03
1.867307800292968750e+03
1.867328613281250000e+03
1.867849426269531250e+03
1.867870300292968750e+03
1.867891113281250000e+03
1.867911926269531250e+03
1.867932800292968750e+03
1.867953613281250000e+03
1.867974426269531250e+03
1.867995300292968750e+03
1.868016113281250000e+03
1.868036926269531250e+03
1.868057800292968750e+03
1.868078613281250000e+03
1.868099426269531250e+03
1.868120300292968750e+03
1.868141113281250000e+03
1.868161926269531250e+03
1.868182800292968750e+03
1.868203613281250000e+03
1.868224426269531250e+03
1.868245239257812500e+03
1.868266052246093750e+03
1.868286926269531250e+03
1.868307739257812500e+03
1.868328552246093750e+03
1.868349426269531250e+03
1.868370239257812500e+03
1.868391052246093750e+03
1.868411926269531250e+03
1.868432739257812500e+03
