-4.595754192705499008e-01
-4.581865398306490533e-01
-4.567976599253142922e-01
-4.554087800197521574e-01
-4.540199005800786836e-01
-4.526310206747439224e-01
-4.512421407691817876e-01
-4.498532613281440717e-01
-4.484643814212176949e-01
-4.470755015158829337e-01
-4.456866220762094599e-01
-4.442977421706473251e-01
-4.429088622653125640e-01
-4.415199828254117165e-01
-4.401311029193948343e-01
-4.387422230133779522e-01
-4.373533435734771047e-01
-4.359644636681423435e-01
-4.345755842282414960e-01
-4.331867043229067349e-01
-4.317978248832332611e-01
-4.304089449778984999e-01
-4.290200650716542441e-01
-4.276311856310712756e-01
-4.262423057257365144e-01
-4.248534262860630406e-01
-4.234645463807282795e-01
-4.220756669408274320e-01
-4.206867870354926708e-01
-4.192979075955918233e-01
-4.179090276895749412e-01
-4.165201482492193463e-01
-4.151312683436572115e-01
-4.137423889033016167e-01
-4.123535089970573608e-01
-4.109646295573838870e-01
-4.095757496520491259e-01
-4.081868702121482784e-01
-4.067979903061313962e-01
-4.054091108655484277e-01
-4.040202309602136665e-01
-4.026313515205401927e-01
-4.012424716149780579e-01
-3.998535921753045841e-01
-3.984647127354037366e-01
-3.970758328300689755e-01
-3.956869533894860069e-01
-3.942980734834691248e-01
-3.929091940437956509e-01
-3.915203146038948034e-01
-3.901314346985600423e-01
-3.887425552588865685e-01
-3.873536753535518073e-01
-3.859647959129688388e-01
-3.845759164723858703e-01
-3.831870365670511092e-01
-3.817981571273776353e-01
-3.804092776877041615e-01
-3.790203977821420267e-01
-3.776315183424685529e-01
-3.762426389021129580e-01
-3.748537589951865812e-01
-3.734648795548309863e-01
-3.720760001149301388e-01
-3.706871202093680040e-01
-3.692982407696945302e-01
-3.679093613300210563e-01
-3.665204814246862952e-01
-3.651316019847854477e-01
-3.637427225444298529e-01
-3.623538431038468843e-01
-3.609649631985121232e-01
-3.595760837588386494e-01
-3.581872043189378019e-01
-3.567983248792643280e-01
-3.554094449737021932e-01
-3.540205655340287194e-01
-3.526316860934457509e-01
-3.512428066530901560e-01
-3.498539272134166822e-01
-3.484650473078545474e-01
-3.470761678681810736e-01
-3.456872884285075997e-01
-3.442984089888341259e-01
-3.429095295489332784e-01
-3.415206501085776836e-01
-3.401317702016513067e-01
-3.387428907612957119e-01
-3.373540113216222380e-01
-3.359651318817213905e-01
-3.345762524418205430e-01
-3.331873730021470692e-01
-3.317984935624735954e-01
-3.304096136562293395e-01
-3.290207342158737447e-01
-3.276318547759728972e-01
-3.262429753362994234e-01
-3.248540958966259495e-01
-3.234652164569524757e-01
-3.220763370170516282e-01
-3.206874575766960334e-01
-3.192985781361130648e-01
-3.179096986964395910e-01
-3.165208192567661172e-01
-3.151319398168652697e-01
-3.137430603771917959e-01
-3.123541809372909483e-01
-3.109653014976174745e-01
-3.095764220570345060e-01
-3.081875426166789111e-01
-3.067986631770054373e-01
-3.054097837371045898e-01
-3.040209042974311160e-01
-3.026320248570755211e-01
-3.012431454167199263e-01
-2.998542659768190788e-01
-2.984653865364634839e-01
-2.970765070958805154e-01
-2.956876276562070416e-01
-2.942987482165335678e-01
-2.929098687766327203e-01
-2.915209893367318728e-01
-2.901321098970583989e-01
-2.887432304573849251e-01
-2.873543510168019566e-01
-2.859654715764463617e-01
-2.845765921365455142e-01
-2.831877126968720404e-01
-2.817988337228598539e-01
-2.804099542831863801e-01
-2.790210748432855326e-01
-2.776321954036120587e-01
-2.762433159632564639e-01
-2.748544365226734953e-01
-2.734655570830000215e-01
-2.720766781087604613e-01
-2.706877986690869875e-01
-2.692989192291861400e-01
-2.679100397895126662e-01
-2.665211603489296976e-01
-2.651322809078919818e-01
-2.637434019331976742e-01
-2.623545224932968267e-01
-2.609656430536233529e-01
-2.595767636139498791e-01
-2.581878841742764052e-01
-2.567990052000368451e-01
-2.554101257596812502e-01
-2.540212463190982817e-01
-2.526323668794248078e-01
-2.512434879054126213e-01
-2.498546084655117738e-01
-2.484657290256109263e-01
-2.470768495859374525e-01
-2.456879706119252660e-01
-2.442990911713422975e-01
-2.429102117309867026e-01
-2.415213327567471424e-01
-2.401324533170736686e-01
-2.387435738774001948e-01
-2.373546949033880082e-01
-2.359658154634871607e-01
-2.345769360238136869e-01
-2.331880570491193794e-01
-2.317991776085364108e-01
-2.304102981688629370e-01
2.306974533196353150e-01
2.320863313625523006e-01
2.334752098715853208e-01
2.348640879149570537e-01
2.362529659576466656e-01
2.376418444662249385e-01
2.390307225091419241e-01
2.404196010174928233e-01
2.418084790608645562e-01
2.431973571042362892e-01
2.445862356134966831e-01
2.459751136570957897e-01
2.473639921654466889e-01
2.487528702081363008e-01
2.501417482508259127e-01
2.515306267594041856e-01
2.529195048020937975e-01
2.543083828450107831e-01
2.556972613540438033e-01
2.570861393974155362e-01
2.584750174403325218e-01
2.598638959486834210e-01
2.612527739916004066e-01
2.626416520342900185e-01
2.640305305426409177e-01
2.654194085862400243e-01
2.668082866296117572e-01
2.681971651381900301e-01
2.695860431808796420e-01
2.709749212235692539e-01
2.723637992662588658e-01
2.737526777748371387e-01
2.751415558177541243e-01
2.765304338611258572e-01
2.779193119044975901e-01
2.793081904128484894e-01
2.806970684557654749e-01
2.820859464986824605e-01
2.834748245420541934e-01
2.848637025854259264e-01
2.862525810937768256e-01
2.876414591373759322e-01
2.890303371809750388e-01
2.904192152236646507e-01
2.918080932663542626e-01
2.931969713090438745e-01
2.945858498176221474e-01
2.959747278603117593e-01
2.973636059032287449e-01
2.987524839466004778e-01
3.001413619899722107e-01
3.015302400328891963e-01
3.029191180755788082e-01
3.043079961184957938e-01
3.056968746268466930e-01
3.070857526695363049e-01
3.084746307124532905e-01
3.098635087558250234e-01
3.112523867994241300e-01
3.126412648421137419e-01
3.140301428848033538e-01
3.154190209274929657e-01
3.168078989704099513e-01
3.181967770133269369e-01
3.195856550560165488e-01
3.209745330993882817e-01
3.223634111427600146e-01
3.237522891863591212e-01
3.251411672299582278e-01
3.265300452726478397e-01
3.279189233153374516e-01
3.293078013580270635e-01
3.306966794016261701e-01
3.320855574452252768e-01
3.334744354879148887e-01
3.348633135306045006e-01
3.362521915732941125e-01
3.376410696162110980e-01
3.390299476589007099e-01
3.404188257018176955e-01
3.418077037451894284e-01
3.431965817885611614e-01
3.445854598314781470e-01
3.459743374085064715e-01
3.473632154514234571e-01
3.487520934941130690e-01
3.501409715368026809e-01
3.515298495797196665e-01
3.529187276230913994e-01
3.543076056666905060e-01
3.556964837093801179e-01
3.570853612864084425e-01
3.584742393290980544e-01
3.598631173720150400e-01
3.612519954149320256e-01
3.626408734576216375e-01
3.640297515009933704e-01
3.654186290796133108e-01
3.668075071229850437e-01
3.681963851659020293e-01
3.695852632085916412e-01
3.709741407856199658e-01
3.723630188283095777e-01
3.737518968712265632e-01
3.751407749145982962e-01
3.765296529581974028e-01
3.779185305352257274e-01
3.793074085779153393e-01
3.806962866208323248e-01
3.820851641978606494e-01
3.834740422407776350e-01
3.848629202841493679e-01
3.862517983275211009e-01
3.876406759047767991e-01
3.890295539474664110e-01
3.904184319903833966e-01
3.918073095674117212e-01
3.931961876101013331e-01
3.945850656530183187e-01
3.959739432307287643e-01
3.973628212743278709e-01
3.987516993170174828e-01
4.001405768940458074e-01
4.015294549367354193e-01
4.029183325139911176e-01
4.043072105569081032e-01
4.056960885995977151e-01
4.070849661779902817e-01
4.084738442220441357e-01
4.098627217992998339e-01
4.112515998422168195e-01
4.126404778849064314e-01
4.140293554619347560e-01
4.154182335046243679e-01
4.168071110818800662e-01
4.181959891252517991e-01
4.195848667031896184e-01
4.209737447458792303e-01
4.223626223229075549e-01
4.237515003658245405e-01
4.251403779428528651e-01
4.265292559857698507e-01
4.279181335627981753e-01
4.293070116063972819e-01
4.306958891841077275e-01
4.320847672267973394e-01
4.334736448040530377e-01
4.348625228467426496e-01
4.362514004237709742e-01
4.376402784666879597e-01
4.390291560437162843e-01
4.404180340870880173e-01
4.418069116650258366e-01
4.431957897077154485e-01
4.445846672847437731e-01
4.459735448619994713e-01
4.473624229049164569e-01
4.487513004826269025e-01
4.501401785269081302e-01
4.515290561046185758e-01
4.529179336816469004e-01
4.543068117245638859e-01
4.556956893015922105e-01
4.570845668786205351e-01
4.584734449213101470e-01
4.598623224985658453e-01
-4.593696523187844605e-01
-4.579808026812060007e-01
-4.565919530438549145e-01
-4.552031034065038284e-01
-4.538142537682432476e-01
-4.524254041302100404e-01
-4.510365544926315806e-01
-4.496477048552804945e-01
-4.482588547522681210e-01
-4.468700051146896612e-01
-4.454811554773385751e-01
-4.440923058397601153e-01
-4.427034562017269081e-01
-4.413146065636937010e-01
-4.399257569263426149e-01
-4.385369072887641551e-01
-4.371480576520951900e-01
-4.357592080151988512e-01
-4.343703583778477650e-01
-4.329815087404966789e-01
-4.315926591022360981e-01
-4.302038094642028909e-01
-4.288149598266244311e-01
-4.274261101892733450e-01
-4.260372605519222589e-01
-4.246484109143437990e-01
-4.232595617426540002e-01
-4.218707121046207931e-01
-4.204818624663602122e-01
-4.190930128290091261e-01
-4.177041631914306663e-01
-4.163153135540795802e-01
-4.135376142791500342e-01
-4.121487646417989481e-01
-4.107599150044478620e-01
-4.093710658325306895e-01
-4.079822161949522297e-01
-4.065933665576011435e-01
-4.052045169202500574e-01
-4.038156672828989713e-01
-4.024268176453205115e-01
-4.010379680079694253e-01
-3.996491188355975055e-01
-3.982602691973369247e-01
-3.968714195599858385e-01
-3.954825699224073787e-01
-3.940937202850562926e-01
-3.927048711131391201e-01
-3.913160214757880340e-01
-3.899271718384369478e-01
-3.885383222001763670e-01
-3.871494730278044472e-01
-3.857606233902259874e-01
-3.843717737528749012e-01
-3.829829241162059361e-01
-3.815940749451982583e-01
-3.802052253076197985e-01
-3.788163756700413387e-01
-3.774275260320081316e-01
-3.760386768596362117e-01
-3.746498272222851256e-01
-3.732609775847066658e-01
-3.718721284130168669e-01
-3.704832787754384071e-01
-3.690944291380873210e-01
-3.677055799654880275e-01
-3.663167303274548203e-01
-3.649278806901037342e-01
-3.635390315181865617e-01
-3.621501818808354756e-01
-3.607613322434843894e-01
-3.593724830715672169e-01
-3.579836334342161308e-01
-3.565947842622989583e-01
-3.552059346249478722e-01
-3.538170849875967860e-01
-3.524282358159069872e-01
-3.510393861783285274e-01
-3.496505370064113549e-01
-3.482616873690602688e-01
-3.454839885591098891e-01
-3.440951389210766820e-01
-3.427062897491595095e-01
-3.413174401118084234e-01
-3.399285909401186245e-01
-3.385397413027675384e-01
-3.371508921308503659e-01
-3.357620424934992798e-01
-3.343731933211273599e-01
-3.329843436828667791e-01
-3.315954945111769803e-01
-3.302066448742806415e-01
-3.288177957032729637e-01
-3.274289460656945039e-01
-3.260400968940047051e-01
-3.246512472566536189e-01
-3.232623980840543254e-01
-3.218735489116824056e-01
-3.204846992741039458e-01
-3.190958501024141469e-01
-3.177070004650630608e-01
-3.163181512933732620e-01
-3.149293021214560895e-01
-3.135404524841050034e-01
-3.121516033117330835e-01
-3.107627536734725027e-01
-3.093739045017827038e-01
-3.079850553298655313e-01
-3.065962056925144452e-01
-3.052073565205972727e-01
-3.038185073489074739e-01
-3.024296577115563878e-01
-3.010408085396392153e-01
-2.996519593679494164e-01
-2.982631097303709566e-01
-2.968742605586811578e-01
-2.954854113869913590e-01
-2.940965617496402729e-01
-2.927077125777231004e-01
-2.913188634053511805e-01
-2.899300137670905997e-01
-2.885411645954008009e-01
-2.871523154237110020e-01
-2.857634662517938295e-01
-2.843746166142153697e-01
-2.829857674425255709e-01
-2.815969182708357721e-01
-2.802080690982364786e-01
-2.788192199258645587e-01
-2.774303702885134726e-01
-2.760415211175057948e-01
-2.746526719462707433e-01
-2.732638227745809445e-01
-2.718749736026637720e-01
-2.704861239653126859e-01
-2.690972747929407660e-01
-2.677084256203414725e-01
-2.663195764486516737e-01
-2.649307272769618748e-01
-2.635418781050447024e-01
-2.621530284674662425e-01
-2.607641792957764437e-01
-2.593753301240866449e-01
-2.579864809514873514e-01
-2.565976317791154315e-01
-2.552087826071982590e-01
-2.538199334355084602e-01
-2.524310842638186614e-01
-2.510422350921288626e-01
-2.496533859208938111e-01
-2.482645362835427250e-01
-2.468756871109434314e-01
-2.454868379392536326e-01
-2.440979887675638338e-01
-2.427091395956466613e-01
-2.413202904239568625e-01
-2.399314412520396900e-01
-2.385425920803498911e-01
-2.371537429077505976e-01
-2.357648937353786778e-01
-2.343760445636888790e-01
-2.329871953917717065e-01
-2.315983462200819076e-01
-2.302094970483921088e-01
2.308882366288145249e-01
2.322770848691817491e-01
2.336659326441150597e-01
2.350547808844822839e-01
2.364436286591882208e-01
2.378324768997828187e-01
2.392213246744887556e-01
2.406101729155381008e-01
2.419990206904714114e-01
2.433878689301565146e-01
2.447767167048624515e-01
2.461655649454570494e-01
2.475544127203903599e-01
2.489432604950962968e-01
2.503321087354635210e-01
2.517209565110789526e-01
2.531098047521282979e-01
2.544986525270616085e-01
2.558875003017675454e-01
2.572763485421347696e-01
2.586651963168407065e-01
2.600540440917740170e-01
2.614428923321412412e-01
2.628317401075292992e-01
2.642205878831447308e-01
2.656094361235119550e-01
2.669982838977631445e-01
2.683871316717869604e-01
2.697759799123815583e-01
2.711648276870874952e-01
2.725536754617934321e-01
2.739425237030701510e-01
2.753313714784582089e-01
2.767202192533915195e-01
2.781090670280974564e-01
2.794979152684646806e-01
2.808867630431706175e-01
2.822756108181039281e-01
2.836644585934919860e-01
2.850533068347687049e-01
2.864421546094746418e-01
2.878310023841805787e-01
2.892198501591138893e-01
2.906086979338198262e-01
2.919975461735049294e-01
2.933863939477561189e-01
2.947752417233715505e-01
2.961640894987596084e-01
2.975529372734655453e-01
2.989417850483988559e-01
3.003306328231047928e-01
3.017194810634720170e-01
3.031083288381779539e-01
3.044971766131112645e-01
3.058860243884993224e-01
3.072748721641147540e-01
3.086637199388206909e-01
3.100525677135266278e-01
3.114414154884599384e-01
3.128302632633932490e-01
3.142191110380991859e-01
3.156079588128051228e-01
3.169968065875110597e-01
3.183856543624443702e-01
3.197745021371503071e-01
3.211633499120836177e-01
3.225521976867895546e-01
3.239410454614954915e-01
3.253298932364288021e-01
3.267187410111347390e-01
3.281075887865227969e-01
3.294964365621382285e-01
3.308852843368441654e-01
3.322741321115501023e-01
3.336629798864834129e-01
3.350518276614167235e-01
3.364406754361226604e-01
3.378295232108285973e-01
3.392183709864440289e-01
3.406072187618320868e-01
3.419960665358559027e-01
3.433849138444458049e-01
3.447737616191517418e-01
3.461626093938576787e-01
3.475514571687909893e-01
3.489403049441790472e-01
3.503291527197944788e-01
3.517180004945004157e-01
3.531068478035450653e-01
3.544956955784783759e-01
3.558845433531843128e-01
3.572733911281176233e-01
3.586622389028235602e-01
3.600510862127777045e-01
3.614399339881657625e-01
3.628287817628716994e-01
3.642176295378050099e-01
3.656064768468496595e-01
3.669953246208734754e-01
3.683841723948972913e-01
3.697730201698306018e-01
3.711618674795573725e-01
3.725507152551728041e-01
3.739395630298787410e-01
3.753284108045846779e-01
3.767172581138567011e-01
3.781061058885626380e-01
3.794949536634959486e-01
3.808838009725405982e-01
3.822726487481560298e-01
3.836614965235440877e-01
3.850503438325887373e-01
3.864391916075220479e-01
3.878280389165666975e-01
3.892168866912726344e-01
3.906057344659785713e-01
3.919945817745684735e-01
3.933834295492744104e-01
3.947722768592285547e-01
3.961611246339344916e-01
3.975499724086404285e-01
3.989388197179124518e-01
4.003276674926183887e-01
4.017165148018904119e-01
4.031053625772784699e-01
4.044942098870052405e-01
4.058830576619385511e-01
4.072719049709832007e-01
4.086607527459165112e-01
4.100496000549611608e-01
4.114384478296670977e-01
4.128272951389391210e-01
4.142161429143271789e-01
4.156049902242813232e-01
4.169938379983051391e-01
4.183826853066676676e-01
4.197715330813736045e-01
4.211603803906456278e-01
4.225492276999176511e-01
4.239380754746235880e-01
4.253269227843503586e-01
4.267157705597384165e-01
4.281046178690104398e-01
4.294934651782824631e-01
4.308823129529884000e-01
4.322711602620330495e-01
4.336600075710776991e-01
4.350488553460110097e-01
4.364377026557377803e-01
4.378265504313532119e-01
4.392153977403978615e-01
4.406042450494425111e-01
4.419930923580324134e-01
4.433819401320562292e-01
4.447707874413282525e-01
4.461596347503729021e-01
4.475484825257609600e-01
4.489373298354877306e-01
4.503261771447597539e-01
4.517150244540317772e-01
4.531038722287377141e-01
4.544927195377823637e-01
4.558815668468270133e-01
4.572704141560990365e-01
4.586592614658258071e-01
