1.936379406580745126e+03
1.936380795460185027e+03
1.936382184340090362e+03
1.936383573219995924e+03
1.936384962099435597e+03
1.936386350979340932e+03
1.936387739859246494e+03
1.936389128738687532e+03
1.936390517618594458e+03
1.936391906498499793e+03
1.936393295377939467e+03
1.936394684257845029e+03
1.936396073137750363e+03
1.936397462017190264e+03
1.936398850897096281e+03
1.936400239777002298e+03
1.936401628656442199e+03
1.936403017536347534e+03
1.936404406415787435e+03
1.936405795295692769e+03
1.936407184175132443e+03
1.936408573055037778e+03
1.936409961934944022e+03
1.936411350814384605e+03
1.936412739694289940e+03
1.936414128573729613e+03
1.936415517453634948e+03
1.936416906333074849e+03
1.936418295212980183e+03
1.936419684092420084e+03
1.936421072972326101e+03
1.936422461851766457e+03
1.936423850731672019e+03
1.936425239611112374e+03
1.936426628491018619e+03
1.936428017370458292e+03
1.936429406250363627e+03
1.936430795129803528e+03
1.936432184009709545e+03
1.936433572889150128e+03
1.936434961769055462e+03
1.936436350648495136e+03
1.936437739528400698e+03
1.936439128407840371e+03
1.936440517287280272e+03
1.936441906167185607e+03
1.936443295046626190e+03
1.936444683926532207e+03
1.936446072805971880e+03
1.936447461685411781e+03
1.936448850565317116e+03
1.936450239444756789e+03
1.936451628324662124e+03
1.936453017204102707e+03
1.936454406083543290e+03
1.936455794963448625e+03
1.936457183842888298e+03
1.936458572722327972e+03
1.936459961602233534e+03
1.936461350481673207e+03
1.936462739361113563e+03
1.936464128241020489e+03
1.936465517120460845e+03
1.936466905999900746e+03
1.936468294879806308e+03
1.936469683759245981e+03
1.936471072638685655e+03
1.936472461518590990e+03
1.936473850398030891e+03
1.936475239277471246e+03
1.936476628156911829e+03
1.936478017036817164e+03
1.936479405916256837e+03
1.936480794795696738e+03
1.936482183675136412e+03
1.936483572555041974e+03
1.936484961434481647e+03
1.936486350313922230e+03
1.936487739193362586e+03
1.936489128072802259e+03
1.936490516952707821e+03
1.936491905832147495e+03
1.936493294711587168e+03
1.936494683591026842e+03
1.936496072470466743e+03
1.936497461349907098e+03
1.936498850229814025e+03
1.936500239109254380e+03
1.936501627988694054e+03
1.936503016868133955e+03
1.936504405747573855e+03
1.936505794627013529e+03
1.936507183506453202e+03
1.936508572386359447e+03
1.936509961265799802e+03
1.936511350145239703e+03
1.936512739024679377e+03
1.936514127904119050e+03
1.936515516783558724e+03
1.936516905662998624e+03
1.936518294542438980e+03
1.936519683421879563e+03
1.936521072301319236e+03
1.936522461180758910e+03
1.936523850060198811e+03
1.936525238939638484e+03
1.936526627819078385e+03
1.936528016698518059e+03
1.936529405577958642e+03
1.936530794457398997e+03
1.936532183336838671e+03
1.936533572216278571e+03
1.936534961095718245e+03
1.936536349975158601e+03
1.936537738854598956e+03
1.936539127734038857e+03
1.936540516613479213e+03
1.936541905492919796e+03
1.936543294372359469e+03
1.936544683251799142e+03
1.936546072131239043e+03
1.936547461010678944e+03
1.936548849890118618e+03
1.936550238769558291e+03
1.936551627648998874e+03
1.936553016528439230e+03
1.936554405407879131e+03
1.936555794287318804e+03
1.936557183166292816e+03
1.936558572045732490e+03
1.936559960925172390e+03
1.936561349804612064e+03
1.936562738684052420e+03
1.936564127563493003e+03
1.936565516442932676e+03
1.936566905321906916e+03
1.936568294201346589e+03
1.936569683080786490e+03
1.936571071960226163e+03
1.936572460839666746e+03
1.936573849719107784e+03
1.936575238598082478e+03
1.936576627477522379e+03
1.936578016356962053e+03
1.936579405236401726e+03
1.936580794115841400e+03
1.936582182994815639e+03
1.936583571874255995e+03
1.936584960753696578e+03
1.936586349633136251e+03
1.936587738512110263e+03
1.936589127391550164e+03
1.936590516270990065e+03
1.936591905150429739e+03
1.936593294029403751e+03
1.936594682908844334e+03
1.936596071788284689e+03
1.936597460667258929e+03
1.936598849546698602e+03
1.936600238426138276e+03
1.936601627305112288e+03
1.936603016184552189e+03
1.936604405063991862e+03
1.936605793942966557e+03
1.936607182822407140e+03
1.936608571701846813e+03
1.937069679453335311e+03
1.937071068331378228e+03
1.937072457209887261e+03
1.937073846087930633e+03
1.937075234965973323e+03
1.937076623844481901e+03
1.937078012722524818e+03
1.937079401601033169e+03
1.937080790479076541e+03
1.937082179357119912e+03
1.937083568235629173e+03
1.937084957113672772e+03
1.937086345992181123e+03
1.937087734870223812e+03
1.937089123748266502e+03
1.937090512626775080e+03
1.937091901504817770e+03
1.937093290382860687e+03
1.937094679261369720e+03
1.937096068139413092e+03
1.937097457017456009e+03
1.937098845895964359e+03
1.937100234774007276e+03
1.937101623652049966e+03
1.937103012530558317e+03
1.937104401408601916e+03
1.937105790286645288e+03
1.937107179165153866e+03
1.937108568043196556e+03
1.937109956921239245e+03
1.937111345799281935e+03
1.937112734677790513e+03
1.937114123555833430e+03
1.937115512433876802e+03
1.937116901311920174e+03
1.937118290190428525e+03
1.937119679068471441e+03
1.937121067946514358e+03
1.937122456824557730e+03
1.937123845702601102e+03
1.937125234581109453e+03
1.937126623459153052e+03
1.937128012337196651e+03
1.937129401215239341e+03
1.937130790093282030e+03
1.937132178971324720e+03
1.937133567849833298e+03
1.937134956727875988e+03
1.937136345605918905e+03
1.937137734483962276e+03
1.937139123362005648e+03
1.937140512240048565e+03
1.937141901118091255e+03
1.937143289996134172e+03
1.937144678874642523e+03
1.937146067752685212e+03
1.937147456630728129e+03
1.937148845508771501e+03
1.937150234386815100e+03
1.937151623264857790e+03
1.937153012142900479e+03
1.937154401020943169e+03
1.937155789898986086e+03
1.937157178777029003e+03
1.937158567655071693e+03
1.937159956533115064e+03
1.937161345411158436e+03
1.937162734289202035e+03
1.937164123167245634e+03
1.937165512045288324e+03
1.937166900923331013e+03
1.937168289801373703e+03
1.937169678679417302e+03
1.937171067557460901e+03
1.937172456435503591e+03
1.937173845313546281e+03
1.937175234191588970e+03
1.937176623069631887e+03
1.937178011947674577e+03
1.937179400825717494e+03
1.937180789703760865e+03
1.937182178581804237e+03
1.937183567459847154e+03
1.937184956337424182e+03
1.937186345215467099e+03
1.937187734093509789e+03
1.937189122971552479e+03
1.937190511849595396e+03
1.937191900727638767e+03
1.937193289605682367e+03
1.937194678483725056e+03
1.937196067361302084e+03
1.937197456239344774e+03
1.937198845117387691e+03
1.937200233995430608e+03
1.937201622873473298e+03
1.937203011751516669e+03
1.937204400629095289e+03
1.937205789507138661e+03
1.937207178385181578e+03
1.937208567263224268e+03
1.937209956140801296e+03
1.937211345018843986e+03
1.937212733896886903e+03
1.937214122774930274e+03
1.937215511652973873e+03
1.937216900530550902e+03
1.937218289408593591e+03
1.937219678286636508e+03
1.937221067164213537e+03
1.937222456042256454e+03
1.937223844920299825e+03
1.937225233798343197e+03
1.937226622675920453e+03
1.937228011553963142e+03
1.937229400432006059e+03
1.937230789309583088e+03
1.937232178187625777e+03
1.937233567065668694e+03
1.937234955943246405e+03
1.937236344821290004e+03
1.937237733699332694e+03
1.937239122576909722e+03
1.937240511454952411e+03
1.937241900332529667e+03
1.937243289210572584e+03
1.937244678088615274e+03
1.937246066966193666e+03
1.937247455844237720e+03
1.937248844721814976e+03
1.937250233599857893e+03
1.937251622477900582e+03
1.937253011355477611e+03
1.937254400233520300e+03
1.937255789111097556e+03
1.937257177989140928e+03
1.937258566866718866e+03
1.937259955744761555e+03
1.937261344622338584e+03
1.937262733500381501e+03
1.937264122377958529e+03
1.937265511256001446e+03
1.937266900133578474e+03
1.937268289011622073e+03
1.937269677889199784e+03
1.937271066767242473e+03
1.937272455644819729e+03
1.937273844522862419e+03
1.937275233400439447e+03
1.937276622278482364e+03
1.937278011156059392e+03
1.937279400034102764e+03
1.937280788911680702e+03
1.937282177789723391e+03
1.937283566667300420e+03
1.937284955544877675e+03
1.937286344422920592e+03
1.937287733300498303e+03
1.937289122178542584e+03
1.937290511056120295e+03
1.937291899933697323e+03
1.937293288811740240e+03
1.937294677689317268e+03
1.937296066566894297e+03
1.937297455444936986e+03
1.937298844322514242e+03
1.952070776347696892e+03
1.952072165197334471e+03
1.952073554046971822e+03
1.952074942896609173e+03
1.952076331746247433e+03
1.952077720595885467e+03
1.952079109445523045e+03
1.952080498295160396e+03
1.952081887145263408e+03
1.952083275994900987e+03
1.952084664844538338e+03
1.952086053694175916e+03
1.952087442543813950e+03
1.952088831393451983e+03
1.952090220243089334e+03
1.952091609092726912e+03
1.952092997942363581e+03
1.952094386792000478e+03
1.952095775641637829e+03
1.952097164491275180e+03
1.952098553340913440e+03
1.952099942190551474e+03
1.952101331040189052e+03
1.952102719889826403e+03
1.952104108739463754e+03
1.952105497589101333e+03
1.952106886438273023e+03
1.952108275287911056e+03
1.952109664137549316e+03
1.952111052987186667e+03
1.952112441836824246e+03
1.952113830686461597e+03
1.952116608385736527e+03
1.952117997235373878e+03
1.952119386085011229e+03
1.952120774934183146e+03
1.952122163783820724e+03
1.952123552633458075e+03
1.952124941483095427e+03
1.952126330332732778e+03
1.952127719182370356e+03
1.952129108032007707e+03
1.952130496881180079e+03
1.952131885730818340e+03
1.952133274580455691e+03
1.952134663430093269e+03
1.952136052279730620e+03
1.952137441128902537e+03
1.952138829978539889e+03
1.952140218828177240e+03
1.952141607677815500e+03
1.952142996526987872e+03
1.952144385376625451e+03
1.952145774226262802e+03
1.952147163075899471e+03
1.952148551925070478e+03
1.952149940774708057e+03
1.952151329624345635e+03
1.952152718473983668e+03
1.952154107323156040e+03
1.952155496172793391e+03
1.952156885022430970e+03
1.952158273871602660e+03
1.952159662721240238e+03
1.952161051570877589e+03
1.952162440420050189e+03
1.952163829269688222e+03
1.952165218119325573e+03
1.952166606968497490e+03
1.952167995818134841e+03
1.952169384667772192e+03
1.952170773516944109e+03
1.952172162366581460e+03
1.952173551215753378e+03
1.952174940065390729e+03
1.952176328915028080e+03
1.952177717764199770e+03
1.952179106613837348e+03
1.952180495463009265e+03
1.952181884312646616e+03
1.952184662011456567e+03
1.952186050861094600e+03
1.952187439710266517e+03
1.952188828559903868e+03
1.952190217409075558e+03
1.952191606258712909e+03
1.952192995107884826e+03
1.952194383957522177e+03
1.952195772806694549e+03
1.952197161656332810e+03
1.952198550505504500e+03
1.952199939355141396e+03
1.952201328204312404e+03
1.952202717053949982e+03
1.952204105903121672e+03
1.952205494752759023e+03
1.952206883601931622e+03
1.952208272451103994e+03
1.952209661300741573e+03
1.952211050149913262e+03
1.952212438999550614e+03
1.952213827848722303e+03
1.952215216697894220e+03
1.952216605547531572e+03
1.952217994396703943e+03
1.952219383246342204e+03
1.952220772095513894e+03
1.952222160944685811e+03
1.952223549794323162e+03
1.952224938643495079e+03
1.952226327492666769e+03
1.952227716342304120e+03
1.952229105191476037e+03
1.952230494040647727e+03
1.952231882890285306e+03
1.952233271739456995e+03
1.952234660588628685e+03
1.952236049438266036e+03
1.952237438287437953e+03
1.952238827136610325e+03
1.952240215986248586e+03
1.952241604835420276e+03
1.952242993684591966e+03
1.952244382533763883e+03
1.952245771383401461e+03
1.952247160232573151e+03
1.952248549081744841e+03
1.952249937930917440e+03
1.952251326780089812e+03
1.952252715629727163e+03
1.952254104478898171e+03
1.952255493328069406e+03
1.952256882177241096e+03
1.952258271026413013e+03
1.952259659876050364e+03
1.952261048725222736e+03
1.952262437574395335e+03
1.952263826423567025e+03
1.952265215272738715e+03
1.952266604121910632e+03
1.952267992971548210e+03
1.952269381820719900e+03
1.952270770669891590e+03
1.952272159519064189e+03
1.952273548368236561e+03
1.952274937217408478e+03
1.952276326066580168e+03
1.952277714915751858e+03
1.952279103764923548e+03
1.952280492614094783e+03
1.952281881463732134e+03
1.952283270312904733e+03
1.952284659162076423e+03
1.952286048011248113e+03
1.952287436860420030e+03
1.952288825709591720e+03
1.952290214558763637e+03
1.952291603407935327e+03
1.952292992257107926e+03
1.952294381106280298e+03
1.952295769955451988e+03
1.952297158804623905e+03
1.952298547653795595e+03
1.952299936502967284e+03
1.952761034236644491e+03
1.952762423084884858e+03
1.952763811932659792e+03
1.952765200780900159e+03
1.952766589628674865e+03
1.952767978476915459e+03
1.952769367324690165e+03
1.952770756172931215e+03
1.952772145020706148e+03
1.952773533868945833e+03
1.952774922716720539e+03
1.952776311564961134e+03
1.952777700412736067e+03
1.952779089260510773e+03
1.952780478108751140e+03
1.952781866956526756e+03
1.952783255804767805e+03
1.952784644652542738e+03
1.952786033500317444e+03
1.952787422348557811e+03
1.952788811196332517e+03
1.952790200044107451e+03
1.952791588892347818e+03
1.952792977740123206e+03
1.952794366587898821e+03
1.952795755436139189e+03
1.952797144283913440e+03
1.952798533131687464e+03
1.952799921979928058e+03
1.952801310827702764e+03
1.952802699675477470e+03
1.952804088523718747e+03
1.952805477371494135e+03
1.952806866219269068e+03
1.952808255067043774e+03
1.952809643915284141e+03
1.952811032763058847e+03
1.952812421610833781e+03
1.952813810458609169e+03
1.952815199306850445e+03
1.952816588154625151e+03
1.952817977002399857e+03
1.952819365850174790e+03
1.952820754697949496e+03
1.952822143546189182e+03
1.952823532393963433e+03
1.952824921241739048e+03
1.952826310089514436e+03
1.952827698937289142e+03
1.952829087785064075e+03
1.952830476632838781e+03
1.952831865481079149e+03
1.952833254328853855e+03
1.952834643176628788e+03
1.952836032024404176e+03
1.952837420872179791e+03
1.952838809719954497e+03
1.952840198567729203e+03
1.952841587415504137e+03
1.952842976263279070e+03
1.952844365111053776e+03
1.952845753958828482e+03
1.952847142806603188e+03
1.952848531654378121e+03
1.952849920502152827e+03
1.952851309349927760e+03
1.952852698197702466e+03
1.952854087045477172e+03
1.952855475893252105e+03
1.952856864741026811e+03
1.952858253588802199e+03
1.952859642436577815e+03
1.952861031284352521e+03
1.952862420132127227e+03
1.952863808979902160e+03
1.952865197827677093e+03
1.952866586675451799e+03
1.952867975523226505e+03
1.952869364371002121e+03
1.952870753218777509e+03
1.952872142066551532e+03
1.952873530913860122e+03
1.952874919761634828e+03
1.952876308609409534e+03
1.952877697457184468e+03
1.952879086304959856e+03
1.952880475152735471e+03
1.952881864000510177e+03
1.952883252847819222e+03
1.952884641695594155e+03
1.952886030543368861e+03
1.952887419391143794e+03
1.952888808238918500e+03
1.952890197086228454e+03
1.952891585934003842e+03
1.952892974781778548e+03
1.952894363629553482e+03
1.952895752476862526e+03
1.952897141324636550e+03
1.952898530172410574e+03
1.952899919020185507e+03
1.952901307867495234e+03
1.952902696715270849e+03
1.952904085563045555e+03
1.952905474410820261e+03
1.952906863258129533e+03
1.952908252105904239e+03
1.952909640953679173e+03
1.952911029800988217e+03
1.952912418648763833e+03
1.952913807496539221e+03
1.952915196343848265e+03
1.952916585191623199e+03
1.952917974038932243e+03
1.952919362886706949e+03
1.952920751734481655e+03
1.952922140581790245e+03
1.952923529429564951e+03
1.952924918276874905e+03
1.952926307124649611e+03
1.952927695972424317e+03
1.952929084819733589e+03
1.952930473667508295e+03
1.952931862514817567e+03
1.952933251362592955e+03
1.952934640209902682e+03
1.952936029057677615e+03
1.952937417904986660e+03
1.952938806752761593e+03
1.952940195600070638e+03
1.952941584447845344e+03
1.952942973295154616e+03
1.952944362142930004e+03
1.952945750990239958e+03
1.952947139838013982e+03
1.952948528685322344e+03
1.952949917533097050e+03
1.952951306380406322e+03
1.952952695227715594e+03
1.952954084075490300e+03
1.952955472922800027e+03
1.952956861770575415e+03
1.952958250617884687e+03
1.952959639465193959e+03
1.952961028312968665e+03
1.952962417160277710e+03
1.952963806007586754e+03
1.952965194855361688e+03
1.952966583702671414e+03
1.952967972550447030e+03
1.952969361397756074e+03
1.952970750245065119e+03
1.952972139092373709e+03
1.952973527940147733e+03
1.952974916787457005e+03
1.952976305634766049e+03
1.952977694482541438e+03
1.952979083329851164e+03
1.952980472177160436e+03
1.952981861024469708e+03
1.952983249872244414e+03
1.952984638719553459e+03
1.952986027566862504e+03
1.952987416414171776e+03
1.952988805261481502e+03
