-3.063713201909805051e+01 5.058075022744140006e+04
-1.672876608020423816e+01 2.909754599348318152e+04
-1.725638222107697572e+01 2.991403946970884135e+04
8.467052391422475566e+00 -9.852470434512031716e+03
1.985220896022865489e+01 -2.747511201312752746e+04
3.810791021578465720e+00 -2.646226795758042499e+03
-4.595432922758918792e+00 1.037468486311380548e+04
-1.412641351748948182e+01 2.515059713592108528e+04
3.719998013469858922e+00 -2.519349466376479540e+03
-1.747390553290056436e+00 5.955938242242289562e+03
-2.511948593577344901e+00 7.142549051825568313e+03
8.869646126793343299e+00 -1.053284826127428278e+04
5.163129957098851364e+00 -4.775658876957917528e+03
-4.444780811338645776e+00 1.015707321442836837e+04
-1.502659260776376682e+00 5.583328599969109746e+03
4.440488243520420930e+00 -3.677810737196687114e+03
1.529805169007796906e+01 -2.060433732311534186e+04
-4.980596075839603287e+00 1.102717165498166469e+04
1.025680701692655639e+01 -1.275235094130465222e+04
-6.630400494358464236e+00 1.361154083979423194e+04
-2.357196859234612862e+00 6.935896812026303451e+03
-1.848215456418871527e+00 6.140945536675497351e+03
-1.262907509621649638e+01 2.299788193963150115e+04
-9.720928188557666161e+00 1.844856204174821687e+04
-1.800391214191656708e+00 6.047884072815333639e+03
1.574981709229437321e+01 -2.143314224051728161e+04
1.714366988515381252e+01 -2.362270107524950072e+04
1.650870521883683750e+01 -2.262801751603122466e+04
1.366334134295577542e+03 -2.139814175470174290e+06
