1.544411572336854988e+03 -3.763132059497430504e+01 6.138428538812264742e+04
1.545199085644575007e+03 -1.715446373696229543e+01 2.975457540346110545e+04
1.545989126977990054e+03 -1.752669100634896182e+01 3.033200085234348808e+04
1.546777427552143536e+03 8.466886585662905418e+00 -9.852456870001968127e+03
1.547566897787509561e+03 1.985105064255643725e+01 -2.747418886038957135e+04
1.548354841195346125e+03 3.810887839350631356e+00 -2.646226647498079274e+03
1.549144350979212277e+03 -4.970044080420527699e+00 1.095534069573352463e+04
1.549932349347214085e+03 -1.455574945842756840e+01 2.581554171526095888e+04
1.550721280789968887e+03 3.719588582744005834e+00 -2.519349351518733329e+03
1.551510017995351973e+03 -1.747604757983781232e+00 5.955938353524181366e+03
1.552299059871391819e+03 -2.511998190396893094e+00 7.142556902546271886e+03
1.553088015542895846e+03 8.869797441024845241e+00 -1.053284805500193215e+04
1.553877012413106286e+03 5.163225480406782530e+00 -4.775586152099493120e+03
1.554665623156249694e+03 -4.444838174232379480e+00 1.015707354049619971e+04
1.555454185941357764e+03 -1.305659522991750165e+01 2.355199765130513333e+04
1.557821547725252685e+03 -4.022300116461408948e+00 9.508364059866980824e+03
1.558609548687975121e+03 3.851799050836360649e+00 -2.760297195180943163e+03
1.559399225807467701e+03 1.482927986960934419e+01 -1.987346634693154192e+04
1.560186819433685741e+03 -5.534537535570061451e+00 1.189180826023867849e+04
1.560977237655035196e+03 1.049682134140520695e+01 -1.312674189591421055e+04
1.561765533133606596e+03 -7.020854443358076402e+00 1.422116935272970295e+04
1.562553676990660506e+03 -2.376276027567084448e+00 6.965550038004189446e+03
1.563342781269370334e+03 -1.880620862268772342e+00 6.192928183251875453e+03
1.564132067268854598e+03 -1.343155242027556717e+01 2.425292082103665598e+04
1.564921076896728891e+03 -9.998459431834879396e+00 1.888245279905190910e+04
1.565709331504428064e+03 -1.795510488172426200e+00 6.039983721008359680e+03
1.566498563955524332e+03 1.554456355079766539e+01 -2.111181783669591096e+04
1.567287738734916729e+03 1.704756011016860739e+01 -2.347284030385356527e+04
