1.544411563222077348e+03 4.759047021707374370e-04 4.743510894513747189e-04
1.545199158247294235e+03 4.266323594492860138e-04 4.283840967218566220e-04
1.545989126236421725e+03 4.010852971987333149e-04 3.945422988635982620e-04
1.546777419414657970e+03 4.578245404900371796e-04 4.524172136370907538e-04
1.547566887331543739e+03 5.098906358398380689e-04 5.130607971750578145e-04
1.548354855740763014e+03 4.440863669969985494e-04 4.348143795596115524e-04
1.549144362750998198e+03 4.628323240467580035e-04 4.496671451761358185e-04
1.549932340107496657e+03 4.916417167351028183e-04 4.606231284469686216e-04
1.550721259251105266e+03 4.603334066359821009e-04 4.675888960719021270e-04
1.551510016855696449e+03 4.758971961109637050e-04 4.965105445080553181e-04
1.552299070206786382e+03 4.124016452351497719e-04 4.122659643144288566e-04
1.553087994773757146e+03 4.269329119779285975e-04 4.259483482655923581e-04
1.553877013595645394e+03 4.056871957800467499e-04 4.021212625957559794e-04
1.554665635113152121e+03 4.183841563190071611e-04 4.150412960370886140e-04
1.555454194933227200e+03 4.533160185928863939e-04 4.503858544921968132e-04
1.557821556359494934e+03 5.380610734846413834e-04 5.163936803000979125e-04
1.558609548731422592e+03 4.618092684722796548e-04 4.619856581484782510e-04
1.559399228570449850e+03 4.552776208583964035e-04 4.478125874811667018e-04
1.560186827768696958e+03 4.775986112690588925e-04 4.859872030920087127e-04
1.560977232967631153e+03 4.505433394115243573e-04 4.594193349021225004e-04
1.561765535348203684e+03 4.391183672396437032e-04 4.399238298447016859e-04
1.562553652682559004e+03 4.248119364547164878e-04 4.299551230815268354e-04
1.563342769349187620e+03 4.427426358688535402e-04 4.382297083793673664e-04
1.564132075505716102e+03 3.916468842817266705e-04 3.908603564468648983e-04
1.564921084119080660e+03 4.699466689999098890e-04 4.669097149871959118e-04
1.565709329173830156e+03 4.579732622005394660e-04 4.508620154410891701e-04
1.566498647094316539e+03 4.257203743236459559e-04 4.219011877921730047e-04
1.567287738028605190e+03 4.588014942328300094e-04 4.722418170786113478e-04
