1.646128567401714520e+02 -5.812575357209399808e+05 5.131262942395057678e+08
3.089610486801150842e+02 -1.091706688197243959e+06 9.643928236141636372e+08
4.455195565846351968e+01 -1.575309231041017920e+05 1.392658830983216166e+08
1.803980589318041439e+02 -6.383127908094901359e+05 5.646574704003454447e+08
3.664153901735861751e+01 -1.297389142289418669e+05 1.148563867979763597e+08
1.602426490247552806e+02 -5.677850798397064209e+05 5.029686107306833267e+08
3.199882858914988901e+02 -1.138475206934593618e+06 1.012648118608162284e+09
1.843118193783952563e+02 -6.562017216707152547e+05 5.840782780494449139e+08
1.404996154937729784e+02 -5.005766402339164051e+05 4.458805030366304517e+08
3.286751078576395457e+02 -1.171769219911064021e+06 1.044389944691160798e+09
3.450307619252275515e+01 -1.230776725422233285e+05 1.097719330871074349e+08
2.865975370034559546e+02 -1.023141244492974947e+06 9.131556569326010942e+08
2.526746386125869890e+02 -9.026709361486333655e+05 8.062025328461182117e+08
2.496464248840347580e+02 -8.924091746088839136e+05 7.975348529410161972e+08
