1.765533937464037081e+03 1.646132355657762787e+02 -5.812602218019446591e+05 5.131298560694135427e+08
1.766750807741781045e+03 3.089602239376896478e+02 -1.091703770577555522e+06 9.643902454573264122e+08
1.767969210921109152e+03 4.455709240730308807e+01 -1.575471778598538367e+05 1.392785603575710058e+08
1.769186056990020006e+03 1.803971316461758079e+02 -6.383095084255645052e+05 5.646545628797020912e+08
1.770404048493019673e+03 3.663006214553847428e+01 -1.297015289777649887e+05 1.148261731079343557e+08
1.771621104153251054e+03 1.602420847693954897e+02 -5.677830802764220862e+05 5.029668384955779314e+08
1.778927225389196337e+03 3.199875054895355788e+02 -1.138472427803960163e+06 1.012645645744228125e+09
1.780144992024864223e+03 1.843108350824565207e+02 -6.562044309241006849e+05 5.840862210038986206e+08
1.781360978579887387e+03 1.404995696596877792e+02 -5.005764080924335285e+05 4.458802328453996181e+08
1.782578732115193588e+03 3.286747946204871482e+02 -1.171771998368089087e+06 1.044395893399347782e+09
1.783797099597518582e+03 3.451269572680699582e+01 -1.231145550959526008e+05 1.098071139128224850e+08
1.785013270950325932e+03 2.865972758681675145e+02 -1.023143703916705446e+06 9.131608806292126179e+08
1.786232001947189701e+03 2.526741004942374502e+02 -9.026690145167442970e+05 8.062008171830456257e+08
1.787448298191598042e+03 2.496469895362710361e+02 -8.924094554993067868e+05 7.975335508068630695e+08
