1.765533929425047972e+03 6.338277464692509966e-04 6.213329259026068030e-04
1.766750804298244930e+03 5.409835503087379038e-04 5.066114640612795483e-04
1.767969209979788047e+03 5.830632376273570117e-04 5.383345312566234497e-04
1.769186046115620229e+03 5.259758597730979091e-04 5.378663327064714395e-04
1.770404040952536889e+03 5.561520281389675802e-04 5.706206397917412687e-04
1.771621055807831226e+03 5.936424145147611853e-04 6.406319946563598933e-04
1.778927253627505706e+03 5.562466978972224751e-04 5.431220481568743708e-04
1.780144999366476668e+03 5.160893235824914882e-04 5.007736610878055217e-04
1.781361009697326153e+03 6.356826211231236812e-04 6.032989369941788027e-04
1.782578742475947365e+03 5.356366000341949984e-04 5.109614776301896200e-04
1.783797135336378460e+03 6.004676517932239221e-04 5.448597535178123508e-04
1.785013278016991080e+03 5.690235273050348042e-04 5.810365037177689373e-04
1.786232036587543689e+03 5.570792445723782293e-04 5.380316058563039405e-04
1.787448339507266837e+03 6.985969373545231065e-04 6.778126830795372371e-04
